parent,child,weight,files
TRSMU_00_02,GEMM_04_02_00,0.00264,{'TRSMU_00_02GEMM_04_02_00': 0.00264}
TRSMU_00_02,GEMM_06_02_00,0.00264,{'TRSMU_00_02GEMM_06_02_00': 0.00264}
TRSMU_00_02,GEMM_13_02_00,0.00264,{'TRSMU_00_02GEMM_13_02_00': 0.00264}
TRSMU_00_02,GEMM_02_02_00,0.00264,{'TRSMU_00_02GEMM_02_02_00': 0.00264}
TRSMU_00_02,GEMM_07_02_00,0.00264,{'TRSMU_00_02GEMM_07_02_00': 0.00264}
TRSMU_00_02,GEMM_08_02_00,0.00264,{'TRSMU_00_02GEMM_08_02_00': 0.00264}
TRSMU_00_02,GEMM_05_02_00,0.00264,{'TRSMU_00_02GEMM_05_02_00': 0.00264}
TRSMU_00_02,GEMM_11_02_00,0.00264,{'TRSMU_00_02GEMM_11_02_00': 0.00264}
TRSMU_00_02,GEMM_03_02_00,0.00264,{'TRSMU_00_02GEMM_03_02_00': 0.00264}
TRSMU_00_02,GEMM_01_02_00,0.00264,{'TRSMU_00_02GEMM_01_02_00': 0.00264}
TRSMU_00_02,GEMM_10_02_00,0.00264,{'TRSMU_00_02GEMM_10_02_00': 0.00264}
TRSMU_00_02,GEMM_12_02_00,0.00264,{'TRSMU_00_02GEMM_12_02_00': 0.00264}
TRSMU_00_02,GEMM_14_02_00,0.00264,{'TRSMU_00_02GEMM_14_02_00': 0.00264}
TRSMU_00_02,GEMM_09_02_00,0.00264,{'TRSMU_00_02GEMM_09_02_00': 0.00264}
TRSML_12_11,GEMM_12_12_11,0.00264,{'TRSML_12_11GEMM_12_12_11': 0.00264}
TRSML_12_11,GEMM_12_14_11,0.00264,{'TRSML_12_11GEMM_12_14_11': 0.00264}
TRSML_12_11,GEMM_12_13_11,0.00264,{'TRSML_12_11GEMM_12_13_11': 0.00264}
TRSMU_03_10,GEMM_04_10_03,0.00264,{'TRSMU_03_10GEMM_04_10_03': 0.00264}
TRSMU_03_10,GEMM_12_10_03,0.00264,{'TRSMU_03_10GEMM_12_10_03': 0.00264}
TRSMU_03_10,GEMM_09_10_03,0.00264,{'TRSMU_03_10GEMM_09_10_03': 0.00264}
TRSMU_03_10,GEMM_07_10_03,0.00264,{'TRSMU_03_10GEMM_07_10_03': 0.00264}
TRSMU_03_10,GEMM_13_10_03,0.00264,{'TRSMU_03_10GEMM_13_10_03': 0.00264}
TRSMU_03_10,GEMM_08_10_03,0.00264,{'TRSMU_03_10GEMM_08_10_03': 0.00264}
TRSMU_03_10,GEMM_06_10_03,0.00264,{'TRSMU_03_10GEMM_06_10_03': 0.00264}
TRSMU_03_10,GEMM_10_10_03,0.00264,{'TRSMU_03_10GEMM_10_10_03': 0.00264}
TRSMU_03_10,GEMM_14_10_03,0.00264,{'TRSMU_03_10GEMM_14_10_03': 0.00264}
TRSMU_03_10,GEMM_11_10_03,0.00264,{'TRSMU_03_10GEMM_11_10_03': 0.00264}
TRSMU_03_10,GEMM_05_10_03,0.00264,{'TRSMU_03_10GEMM_05_10_03': 0.00264}
TRSML_02_01,GEMM_02_06_01,0.00264,{'TRSML_02_01GEMM_02_06_01': 0.00264}
TRSML_02_01,GEMM_02_03_01,0.00264,{'TRSML_02_01GEMM_02_03_01': 0.00264}
TRSML_02_01,GEMM_02_09_01,0.00264,{'TRSML_02_01GEMM_02_09_01': 0.00264}
TRSML_02_01,GEMM_02_08_01,0.00264,{'TRSML_02_01GEMM_02_08_01': 0.00264}
TRSML_02_01,GEMM_02_12_01,0.00264,{'TRSML_02_01GEMM_02_12_01': 0.00264}
TRSML_02_01,GEMM_02_13_01,0.00264,{'TRSML_02_01GEMM_02_13_01': 0.00264}
TRSML_02_01,GEMM_02_02_01,0.00264,{'TRSML_02_01GEMM_02_02_01': 0.00264}
TRSML_02_01,GEMM_02_10_01,0.00264,{'TRSML_02_01GEMM_02_10_01': 0.00264}
TRSML_02_01,GEMM_02_05_01,0.00264,{'TRSML_02_01GEMM_02_05_01': 0.00264}
TRSML_02_01,GEMM_02_04_01,0.00264,{'TRSML_02_01GEMM_02_04_01': 0.00264}
TRSML_02_01,GEMM_02_07_01,0.00264,{'TRSML_02_01GEMM_02_07_01': 0.00264}
TRSML_02_01,GEMM_02_11_01,0.00264,{'TRSML_02_01GEMM_02_11_01': 0.00264}
TRSML_02_01,GEMM_02_14_01,0.00264,{'TRSML_02_01GEMM_02_14_01': 0.00264}
TRSML_02_00,GEMM_02_06_00,0.00264,{'TRSML_02_00GEMM_02_06_00': 0.00264}
TRSML_02_00,GEMM_02_03_00,0.00264,{'TRSML_02_00GEMM_02_03_00': 0.00264}
TRSML_02_00,GEMM_02_09_00,0.00264,{'TRSML_02_00GEMM_02_09_00': 0.00264}
TRSML_02_00,GEMM_02_08_00,0.00264,{'TRSML_02_00GEMM_02_08_00': 0.00264}
TRSML_02_00,GEMM_02_12_00,0.00264,{'TRSML_02_00GEMM_02_12_00': 0.00264}
TRSML_02_00,GEMM_02_13_00,0.00264,{'TRSML_02_00GEMM_02_13_00': 0.00264}
TRSML_02_00,GEMM_02_02_00,0.00264,{'TRSML_02_00GEMM_02_02_00': 0.00264}
TRSML_02_00,GEMM_02_10_00,0.00264,{'TRSML_02_00GEMM_02_10_00': 0.00264}
TRSML_02_00,GEMM_02_05_00,0.00264,{'TRSML_02_00GEMM_02_05_00': 0.00264}
TRSML_02_00,GEMM_02_04_00,0.00264,{'TRSML_02_00GEMM_02_04_00': 0.00264}
TRSML_02_00,GEMM_02_07_00,0.00264,{'TRSML_02_00GEMM_02_07_00': 0.00264}
TRSML_02_00,GEMM_02_11_00,0.00264,{'TRSML_02_00GEMM_02_11_00': 0.00264}
TRSML_02_00,GEMM_02_14_00,0.00264,{'TRSML_02_00GEMM_02_14_00': 0.00264}
TRSML_02_00,GEMM_02_01_00,0.00264,{'TRSML_02_00GEMM_02_01_00': 0.00264}
TRSML_12_10,GEMM_12_11_10,0.00264,{'TRSML_12_10GEMM_12_11_10': 0.00264}
TRSML_12_10,GEMM_12_12_10,0.00264,{'TRSML_12_10GEMM_12_12_10': 0.00264}
TRSML_12_10,GEMM_12_13_10,0.00264,{'TRSML_12_10GEMM_12_13_10': 0.00264}
TRSML_12_10,GEMM_12_14_10,0.00264,{'TRSML_12_10GEMM_12_14_10': 0.00264}
GEMM_05_08_02,GEMM_05_08_03,0.0050999999999999995,{'GEMM_05_08_02GEMM_05_08_03': 0.0050999999999999995}
TRSMU_08_11,GEMM_10_11_08,0.00264,{'TRSMU_08_11GEMM_10_11_08': 0.00264}
TRSMU_08_11,GEMM_13_11_08,0.00264,{'TRSMU_08_11GEMM_13_11_08': 0.00264}
TRSMU_08_11,GEMM_14_11_08,0.00264,{'TRSMU_08_11GEMM_14_11_08': 0.00264}
TRSMU_08_11,GEMM_12_11_08,0.00264,{'TRSMU_08_11GEMM_12_11_08': 0.00264}
TRSMU_08_11,GEMM_09_11_08,0.00264,{'TRSMU_08_11GEMM_09_11_08': 0.00264}
TRSMU_08_11,GEMM_11_11_08,0.00264,{'TRSMU_08_11GEMM_11_11_08': 0.00264}
GEMM_01_02_00,TRSMU_01_02,0.0050999999999999995,{'GEMM_01_02_00TRSMU_01_02': 0.0050999999999999995}
GEMM_14_08_07,TRSML_14_08,0.0050999999999999995,{'GEMM_14_08_07TRSML_14_08': 0.0050999999999999995}
GEMM_07_07_06,GETRF_07,0.0050999999999999995,{'GEMM_07_07_06GETRF_07': 0.0050999999999999995}
TRSMU_11_14,GEMM_13_14_11,0.00264,{'TRSMU_11_14GEMM_13_14_11': 0.00264}
TRSMU_11_14,GEMM_14_14_11,0.00264,{'TRSMU_11_14GEMM_14_14_11': 0.00264}
TRSMU_11_14,GEMM_12_14_11,0.00264,{'TRSMU_11_14GEMM_12_14_11': 0.00264}
GEMM_09_04_03,TRSML_09_04,0.0050999999999999995,{'GEMM_09_04_03TRSML_09_04': 0.0050999999999999995}
GEMM_09_12_08,TRSMU_09_12,0.0050999999999999995,{'GEMM_09_12_08TRSMU_09_12': 0.0050999999999999995}
TRSMU_03_11,GEMM_07_11_03,0.00264,{'TRSMU_03_11GEMM_07_11_03': 0.00264}
TRSMU_03_11,GEMM_04_11_03,0.00264,{'TRSMU_03_11GEMM_04_11_03': 0.00264}
TRSMU_03_11,GEMM_10_11_03,0.00264,{'TRSMU_03_11GEMM_10_11_03': 0.00264}
TRSMU_03_11,GEMM_14_11_03,0.00264,{'TRSMU_03_11GEMM_14_11_03': 0.00264}
TRSMU_03_11,GEMM_13_11_03,0.00264,{'TRSMU_03_11GEMM_13_11_03': 0.00264}
TRSMU_03_11,GEMM_05_11_03,0.00264,{'TRSMU_03_11GEMM_05_11_03': 0.00264}
TRSMU_03_11,GEMM_08_11_03,0.00264,{'TRSMU_03_11GEMM_08_11_03': 0.00264}
TRSMU_03_11,GEMM_06_11_03,0.00264,{'TRSMU_03_11GEMM_06_11_03': 0.00264}
TRSMU_03_11,GEMM_12_11_03,0.00264,{'TRSMU_03_11GEMM_12_11_03': 0.00264}
TRSMU_03_11,GEMM_11_11_03,0.00264,{'TRSMU_03_11GEMM_11_11_03': 0.00264}
TRSMU_03_11,GEMM_09_11_03,0.00264,{'TRSMU_03_11GEMM_09_11_03': 0.00264}
GEMM_11_07_04,GEMM_11_07_05,0.0050999999999999995,{'GEMM_11_07_04GEMM_11_07_05': 0.0050999999999999995}
GEMM_02_13_00,GEMM_02_13_01,0.0050999999999999995,{'GEMM_02_13_00GEMM_02_13_01': 0.0050999999999999995}
GEMM_02_13_01,TRSMU_02_13,0.0050999999999999995,{'GEMM_02_13_01TRSMU_02_13': 0.0050999999999999995}
GEMM_14_12_03,GEMM_14_12_04,0.0050999999999999995,{'GEMM_14_12_03GEMM_14_12_04': 0.0050999999999999995}
TRSML_03_02,GEMM_03_07_02,0.00264,{'TRSML_03_02GEMM_03_07_02': 0.00264}
TRSML_03_02,GEMM_03_08_02,0.00264,{'TRSML_03_02GEMM_03_08_02': 0.00264}
TRSML_03_02,GEMM_03_11_02,0.00264,{'TRSML_03_02GEMM_03_11_02': 0.00264}
TRSML_03_02,GEMM_03_04_02,0.00264,{'TRSML_03_02GEMM_03_04_02': 0.00264}
TRSML_03_02,GEMM_03_09_02,0.00264,{'TRSML_03_02GEMM_03_09_02': 0.00264}
TRSML_03_02,GEMM_03_10_02,0.00264,{'TRSML_03_02GEMM_03_10_02': 0.00264}
TRSML_03_02,GEMM_03_05_02,0.00264,{'TRSML_03_02GEMM_03_05_02': 0.00264}
TRSML_03_02,GEMM_03_13_02,0.00264,{'TRSML_03_02GEMM_03_13_02': 0.00264}
TRSML_03_02,GEMM_03_12_02,0.00264,{'TRSML_03_02GEMM_03_12_02': 0.00264}
TRSML_03_02,GEMM_03_03_02,0.00264,{'TRSML_03_02GEMM_03_03_02': 0.00264}
TRSML_03_02,GEMM_03_06_02,0.00264,{'TRSML_03_02GEMM_03_06_02': 0.00264}
TRSML_03_02,GEMM_03_14_02,0.00264,{'TRSML_03_02GEMM_03_14_02': 0.00264}
TRSML_03_00,GEMM_03_07_00,0.00264,{'TRSML_03_00GEMM_03_07_00': 0.00264}
TRSML_03_00,GEMM_03_08_00,0.00264,{'TRSML_03_00GEMM_03_08_00': 0.00264}
TRSML_03_00,GEMM_03_01_00,0.00264,{'TRSML_03_00GEMM_03_01_00': 0.00264}
TRSML_03_00,GEMM_03_04_00,0.00264,{'TRSML_03_00GEMM_03_04_00': 0.00264}
TRSML_03_00,GEMM_03_11_00,0.00264,{'TRSML_03_00GEMM_03_11_00': 0.00264}
TRSML_03_00,GEMM_03_10_00,0.00264,{'TRSML_03_00GEMM_03_10_00': 0.00264}
TRSML_03_00,GEMM_03_09_00,0.00264,{'TRSML_03_00GEMM_03_09_00': 0.00264}
TRSML_03_00,GEMM_03_13_00,0.00264,{'TRSML_03_00GEMM_03_13_00': 0.00264}
TRSML_03_00,GEMM_03_05_00,0.00264,{'TRSML_03_00GEMM_03_05_00': 0.00264}
TRSML_03_00,GEMM_03_02_00,0.00264,{'TRSML_03_00GEMM_03_02_00': 0.00264}
TRSML_03_00,GEMM_03_03_00,0.00264,{'TRSML_03_00GEMM_03_03_00': 0.00264}
TRSML_03_00,GEMM_03_12_00,0.00264,{'TRSML_03_00GEMM_03_12_00': 0.00264}
TRSML_03_00,GEMM_03_14_00,0.00264,{'TRSML_03_00GEMM_03_14_00': 0.00264}
TRSML_03_00,GEMM_03_06_00,0.00264,{'TRSML_03_00GEMM_03_06_00': 0.00264}
GEMM_04_01_00,TRSML_04_01,0.0050999999999999995,{'GEMM_04_01_00TRSML_04_01': 0.0050999999999999995}
TRSML_01_00,GEMM_01_12_00,0.00264,{'TRSML_01_00GEMM_01_12_00': 0.00264}
TRSML_01_00,GEMM_01_04_00,0.00264,{'TRSML_01_00GEMM_01_04_00': 0.00264}
TRSML_01_00,GEMM_01_05_00,0.00264,{'TRSML_01_00GEMM_01_05_00': 0.00264}
TRSML_01_00,GEMM_01_06_00,0.00264,{'TRSML_01_00GEMM_01_06_00': 0.00264}
TRSML_01_00,GEMM_01_14_00,0.00264,{'TRSML_01_00GEMM_01_14_00': 0.00264}
TRSML_01_00,GEMM_01_13_00,0.00264,{'TRSML_01_00GEMM_01_13_00': 0.00264}
TRSML_01_00,GEMM_01_01_00,0.00264,{'TRSML_01_00GEMM_01_01_00': 0.00264}
TRSML_01_00,GEMM_01_10_00,0.00264,{'TRSML_01_00GEMM_01_10_00': 0.00264}
TRSML_01_00,GEMM_01_07_00,0.00264,{'TRSML_01_00GEMM_01_07_00': 0.00264}
TRSML_01_00,GEMM_01_02_00,0.00264,{'TRSML_01_00GEMM_01_02_00': 0.00264}
TRSML_01_00,GEMM_01_08_00,0.00264,{'TRSML_01_00GEMM_01_08_00': 0.00264}
TRSML_01_00,GEMM_01_09_00,0.00264,{'TRSML_01_00GEMM_01_09_00': 0.00264}
TRSML_01_00,GEMM_01_03_00,0.00264,{'TRSML_01_00GEMM_01_03_00': 0.00264}
TRSML_01_00,GEMM_01_11_00,0.00264,{'TRSML_01_00GEMM_01_11_00': 0.00264}
GEMM_13_13_10,GEMM_13_13_11,0.0050999999999999995,{'GEMM_13_13_10GEMM_13_13_11': 0.0050999999999999995}
GEMM_13_13_12,GETRF_13,0.0050999999999999995,{'GEMM_13_13_12GETRF_13': 0.0050999999999999995}
GEMM_08_06_04,GEMM_08_06_05,0.0050999999999999995,{'GEMM_08_06_04GEMM_08_06_05': 0.0050999999999999995}
GEMM_08_06_05,TRSML_08_06,0.0050999999999999995,{'GEMM_08_06_05TRSML_08_06': 0.0050999999999999995}
GEMM_01_04_00,TRSMU_01_04,0.0050999999999999995,{'GEMM_01_04_00TRSMU_01_04': 0.0050999999999999995}
GEMM_08_06_00,GEMM_08_06_01,0.0050999999999999995,{'GEMM_08_06_00GEMM_08_06_01': 0.0050999999999999995}
GEMM_08_06_01,GEMM_08_06_02,0.0050999999999999995,{'GEMM_08_06_01GEMM_08_06_02': 0.0050999999999999995}
GEMM_08_06_02,GEMM_08_06_03,0.0050999999999999995,{'GEMM_08_06_02GEMM_08_06_03': 0.0050999999999999995}
GEMM_08_06_03,GEMM_08_06_04,0.0050999999999999995,{'GEMM_08_06_03GEMM_08_06_04': 0.0050999999999999995}
GEMM_11_08_04,GEMM_11_08_05,0.0050999999999999995,{'GEMM_11_08_04GEMM_11_08_05': 0.0050999999999999995}
GEMM_11_08_05,GEMM_11_08_06,0.0050999999999999995,{'GEMM_11_08_05GEMM_11_08_06': 0.0050999999999999995}
GEMM_11_08_06,GEMM_11_08_07,0.0050999999999999995,{'GEMM_11_08_06GEMM_11_08_07': 0.0050999999999999995}
GEMM_11_07_02,GEMM_11_07_03,0.0050999999999999995,{'GEMM_11_07_02GEMM_11_07_03': 0.0050999999999999995}
GEMM_11_08_00,GEMM_11_08_01,0.0050999999999999995,{'GEMM_11_08_00GEMM_11_08_01': 0.0050999999999999995}
GEMM_11_08_01,GEMM_11_08_02,0.0050999999999999995,{'GEMM_11_08_01GEMM_11_08_02': 0.0050999999999999995}
TRSML_04_01,GEMM_04_11_01,0.00264,{'TRSML_04_01GEMM_04_11_01': 0.00264}
TRSML_04_01,GEMM_04_03_01,0.00264,{'TRSML_04_01GEMM_04_03_01': 0.00264}
TRSML_04_01,GEMM_04_02_01,0.00264,{'TRSML_04_01GEMM_04_02_01': 0.00264}
TRSML_04_01,GEMM_04_12_01,0.00264,{'TRSML_04_01GEMM_04_12_01': 0.00264}
TRSML_04_01,GEMM_04_10_01,0.00264,{'TRSML_04_01GEMM_04_10_01': 0.00264}
TRSML_04_01,GEMM_04_07_01,0.00264,{'TRSML_04_01GEMM_04_07_01': 0.00264}
TRSML_04_01,GEMM_04_09_01,0.00264,{'TRSML_04_01GEMM_04_09_01': 0.00264}
TRSML_04_01,GEMM_04_06_01,0.00264,{'TRSML_04_01GEMM_04_06_01': 0.00264}
TRSML_04_01,GEMM_04_13_01,0.00264,{'TRSML_04_01GEMM_04_13_01': 0.00264}
TRSML_04_01,GEMM_04_05_01,0.00264,{'TRSML_04_01GEMM_04_05_01': 0.00264}
TRSML_04_01,GEMM_04_14_01,0.00264,{'TRSML_04_01GEMM_04_14_01': 0.00264}
TRSML_04_01,GEMM_04_08_01,0.00264,{'TRSML_04_01GEMM_04_08_01': 0.00264}
TRSML_04_01,GEMM_04_04_01,0.00264,{'TRSML_04_01GEMM_04_04_01': 0.00264}
TRSML_04_00,GEMM_04_03_00,0.00264,{'TRSML_04_00GEMM_04_03_00': 0.00264}
TRSML_04_00,GEMM_04_02_00,0.00264,{'TRSML_04_00GEMM_04_02_00': 0.00264}
TRSML_04_00,GEMM_04_01_00,0.00264,{'TRSML_04_00GEMM_04_01_00': 0.00264}
TRSML_04_00,GEMM_04_07_00,0.00264,{'TRSML_04_00GEMM_04_07_00': 0.00264}
TRSML_04_00,GEMM_04_06_00,0.00264,{'TRSML_04_00GEMM_04_06_00': 0.00264}
TRSML_04_00,GEMM_04_09_00,0.00264,{'TRSML_04_00GEMM_04_09_00': 0.00264}
TRSML_04_00,GEMM_04_13_00,0.00264,{'TRSML_04_00GEMM_04_13_00': 0.00264}
TRSML_04_00,GEMM_04_10_00,0.00264,{'TRSML_04_00GEMM_04_10_00': 0.00264}
TRSML_04_00,GEMM_04_05_00,0.00264,{'TRSML_04_00GEMM_04_05_00': 0.00264}
TRSML_04_00,GEMM_04_12_00,0.00264,{'TRSML_04_00GEMM_04_12_00': 0.00264}
TRSML_04_00,GEMM_04_11_00,0.00264,{'TRSML_04_00GEMM_04_11_00': 0.00264}
TRSML_04_00,GEMM_04_08_00,0.00264,{'TRSML_04_00GEMM_04_08_00': 0.00264}
TRSML_04_00,GEMM_04_14_00,0.00264,{'TRSML_04_00GEMM_04_14_00': 0.00264}
TRSML_04_00,GEMM_04_04_00,0.00264,{'TRSML_04_00GEMM_04_04_00': 0.00264}
GEMM_09_09_08,GETRF_09,0.0050999999999999995,{'GEMM_09_09_08GETRF_09': 0.0050999999999999995}
GEMM_06_03_02,TRSML_06_03,0.0050999999999999995,{'GEMM_06_03_02TRSML_06_03': 0.0050999999999999995}
GEMM_11_11_08,GEMM_11_11_09,0.0050999999999999995,{'GEMM_11_11_08GEMM_11_11_09': 0.0050999999999999995}
GEMM_12_08_03,GEMM_12_08_04,0.0050999999999999995,{'GEMM_12_08_03GEMM_12_08_04': 0.0050999999999999995}
GEMM_12_08_02,GEMM_12_08_03,0.0050999999999999995,{'GEMM_12_08_02GEMM_12_08_03': 0.0050999999999999995}
GEMM_12_08_01,GEMM_12_08_02,0.0050999999999999995,{'GEMM_12_08_01GEMM_12_08_02': 0.0050999999999999995}
GEMM_12_08_00,GEMM_12_08_01,0.0050999999999999995,{'GEMM_12_08_00GEMM_12_08_01': 0.0050999999999999995}
GEMM_12_08_07,TRSML_12_08,0.0050999999999999995,{'GEMM_12_08_07TRSML_12_08': 0.0050999999999999995}
GEMM_12_08_06,GEMM_12_08_07,0.0050999999999999995,{'GEMM_12_08_06GEMM_12_08_07': 0.0050999999999999995}
GEMM_12_08_05,GEMM_12_08_06,0.0050999999999999995,{'GEMM_12_08_05GEMM_12_08_06': 0.0050999999999999995}
GEMM_12_08_04,GEMM_12_08_05,0.0050999999999999995,{'GEMM_12_08_04GEMM_12_08_05': 0.0050999999999999995}
GEMM_03_07_00,GEMM_03_07_01,0.0050999999999999995,{'GEMM_03_07_00GEMM_03_07_01': 0.0050999999999999995}
GEMM_03_07_01,GEMM_03_07_02,0.0050999999999999995,{'GEMM_03_07_01GEMM_03_07_02': 0.0050999999999999995}
GEMM_03_07_02,TRSMU_03_07,0.0050999999999999995,{'GEMM_03_07_02TRSMU_03_07': 0.0050999999999999995}
GEMM_06_11_05,TRSMU_06_11,0.0050999999999999995,{'GEMM_06_11_05TRSMU_06_11': 0.0050999999999999995}
GEMM_04_02_00,GEMM_04_02_01,0.0050999999999999995,{'GEMM_04_02_00GEMM_04_02_01': 0.0050999999999999995}
GEMM_04_02_01,TRSML_04_02,0.0050999999999999995,{'GEMM_04_02_01TRSML_04_02': 0.0050999999999999995}
GEMM_02_08_00,GEMM_02_08_01,0.0050999999999999995,{'GEMM_02_08_00GEMM_02_08_01': 0.0050999999999999995}
GEMM_02_08_01,TRSMU_02_08,0.0050999999999999995,{'GEMM_02_08_01TRSMU_02_08': 0.0050999999999999995}
GEMM_12_07_04,GEMM_12_07_05,0.0050999999999999995,{'GEMM_12_07_04GEMM_12_07_05': 0.0050999999999999995}
GEMM_12_07_05,GEMM_12_07_06,0.0050999999999999995,{'GEMM_12_07_05GEMM_12_07_06': 0.0050999999999999995}
GEMM_12_07_02,GEMM_12_07_03,0.0050999999999999995,{'GEMM_12_07_02GEMM_12_07_03': 0.0050999999999999995}
GEMM_12_07_03,GEMM_12_07_04,0.0050999999999999995,{'GEMM_12_07_03GEMM_12_07_04': 0.0050999999999999995}
GEMM_12_07_00,GEMM_12_07_01,0.0050999999999999995,{'GEMM_12_07_00GEMM_12_07_01': 0.0050999999999999995}
GEMM_12_07_01,GEMM_12_07_02,0.0050999999999999995,{'GEMM_12_07_01GEMM_12_07_02': 0.0050999999999999995}
GEMM_13_14_07,GEMM_13_14_08,0.0050999999999999995,{'GEMM_13_14_07GEMM_13_14_08': 0.0050999999999999995}
GEMM_05_08_04,TRSMU_05_08,0.0050999999999999995,{'GEMM_05_08_04TRSMU_05_08': 0.0050999999999999995}
GEMM_13_14_05,GEMM_13_14_06,0.0050999999999999995,{'GEMM_13_14_05GEMM_13_14_06': 0.0050999999999999995}
GEMM_13_14_04,GEMM_13_14_05,0.0050999999999999995,{'GEMM_13_14_04GEMM_13_14_05': 0.0050999999999999995}
GEMM_04_05_01,GEMM_04_05_02,0.0050999999999999995,{'GEMM_04_05_01GEMM_04_05_02': 0.0050999999999999995}
GEMM_04_05_00,GEMM_04_05_01,0.0050999999999999995,{'GEMM_04_05_00GEMM_04_05_01': 0.0050999999999999995}
GEMM_13_14_01,GEMM_13_14_02,0.0050999999999999995,{'GEMM_13_14_01GEMM_13_14_02': 0.0050999999999999995}
GEMM_13_14_00,GEMM_13_14_01,0.0050999999999999995,{'GEMM_13_14_00GEMM_13_14_01': 0.0050999999999999995}
GEMM_12_11_01,GEMM_12_11_02,0.0050999999999999995,{'GEMM_12_11_01GEMM_12_11_02': 0.0050999999999999995}
GEMM_12_11_00,GEMM_12_11_01,0.0050999999999999995,{'GEMM_12_11_00GEMM_12_11_01': 0.0050999999999999995}
GEMM_12_11_03,GEMM_12_11_04,0.0050999999999999995,{'GEMM_12_11_03GEMM_12_11_04': 0.0050999999999999995}
GEMM_12_11_02,GEMM_12_11_03,0.0050999999999999995,{'GEMM_12_11_02GEMM_12_11_03': 0.0050999999999999995}
GEMM_13_09_03,GEMM_13_09_04,0.0050999999999999995,{'GEMM_13_09_03GEMM_13_09_04': 0.0050999999999999995}
GEMM_12_11_04,GEMM_12_11_05,0.0050999999999999995,{'GEMM_12_11_04GEMM_12_11_05': 0.0050999999999999995}
GEMM_04_08_03,TRSMU_04_08,0.0050999999999999995,{'GEMM_04_08_03TRSMU_04_08': 0.0050999999999999995}
GEMM_12_11_06,GEMM_12_11_07,0.0050999999999999995,{'GEMM_12_11_06GEMM_12_11_07': 0.0050999999999999995}
GEMM_08_08_06,GEMM_08_08_07,0.0050999999999999995,{'GEMM_08_08_06GEMM_08_08_07': 0.0050999999999999995}
GEMM_14_13_12,TRSML_14_13,0.0050999999999999995,{'GEMM_14_13_12TRSML_14_13': 0.0050999999999999995}
TRSMU_06_10,GEMM_09_10_06,0.00264,{'TRSMU_06_10GEMM_09_10_06': 0.00264}
TRSMU_06_10,GEMM_07_10_06,0.00264,{'TRSMU_06_10GEMM_07_10_06': 0.00264}
TRSMU_06_10,GEMM_12_10_06,0.00264,{'TRSMU_06_10GEMM_12_10_06': 0.00264}
TRSMU_06_10,GEMM_08_10_06,0.00264,{'TRSMU_06_10GEMM_08_10_06': 0.00264}
TRSMU_06_10,GEMM_10_10_06,0.00264,{'TRSMU_06_10GEMM_10_10_06': 0.00264}
TRSMU_06_10,GEMM_13_10_06,0.00264,{'TRSMU_06_10GEMM_13_10_06': 0.00264}
TRSMU_06_10,GEMM_11_10_06,0.00264,{'TRSMU_06_10GEMM_11_10_06': 0.00264}
TRSMU_06_10,GEMM_14_10_06,0.00264,{'TRSMU_06_10GEMM_14_10_06': 0.00264}
GEMM_09_10_07,GEMM_09_10_08,0.0050999999999999995,{'GEMM_09_10_07GEMM_09_10_08': 0.0050999999999999995}
GEMM_13_14_06,GEMM_13_14_07,0.0050999999999999995,{'GEMM_13_14_06GEMM_13_14_07': 0.0050999999999999995}
GEMM_11_12_10,TRSMU_11_12,0.0050999999999999995,{'GEMM_11_12_10TRSMU_11_12': 0.0050999999999999995}
GEMM_08_05_04,TRSML_08_05,0.0050999999999999995,{'GEMM_08_05_04TRSML_08_05': 0.0050999999999999995}
GEMM_11_11_06,GEMM_11_11_07,0.0050999999999999995,{'GEMM_11_11_06GEMM_11_11_07': 0.0050999999999999995}
GEMM_02_07_01,TRSMU_02_07,0.0050999999999999995,{'GEMM_02_07_01TRSMU_02_07': 0.0050999999999999995}
GEMM_12_01_00,TRSML_12_01,0.0050999999999999995,{'GEMM_12_01_00TRSML_12_01': 0.0050999999999999995}
TRSMU_06_14,GEMM_14_14_06,0.00264,{'TRSMU_06_14GEMM_14_14_06': 0.00264}
TRSMU_06_14,GEMM_08_14_06,0.00264,{'TRSMU_06_14GEMM_08_14_06': 0.00264}
TRSMU_06_14,GEMM_12_14_06,0.00264,{'TRSMU_06_14GEMM_12_14_06': 0.00264}
TRSMU_06_14,GEMM_11_14_06,0.00264,{'TRSMU_06_14GEMM_11_14_06': 0.00264}
TRSMU_06_14,GEMM_13_14_06,0.00264,{'TRSMU_06_14GEMM_13_14_06': 0.00264}
TRSMU_06_14,GEMM_07_14_06,0.00264,{'TRSMU_06_14GEMM_07_14_06': 0.00264}
TRSMU_06_14,GEMM_09_14_06,0.00264,{'TRSMU_06_14GEMM_09_14_06': 0.00264}
TRSMU_06_14,GEMM_10_14_06,0.00264,{'TRSMU_06_14GEMM_10_14_06': 0.00264}
GEMM_12_13_11,TRSMU_12_13,0.0050999999999999995,{'GEMM_12_13_11TRSMU_12_13': 0.0050999999999999995}
GEMM_08_08_03,GEMM_08_08_04,0.0050999999999999995,{'GEMM_08_08_03GEMM_08_08_04': 0.0050999999999999995}
TRSML_09_00,GEMM_09_10_00,0.00264,{'TRSML_09_00GEMM_09_10_00': 0.00264}
TRSML_09_00,GEMM_09_03_00,0.00264,{'TRSML_09_00GEMM_09_03_00': 0.00264}
TRSML_09_00,GEMM_09_13_00,0.00264,{'TRSML_09_00GEMM_09_13_00': 0.00264}
TRSML_09_00,GEMM_09_04_00,0.00264,{'TRSML_09_00GEMM_09_04_00': 0.00264}
TRSML_09_00,GEMM_09_05_00,0.00264,{'TRSML_09_00GEMM_09_05_00': 0.00264}
TRSML_09_00,GEMM_09_08_00,0.00264,{'TRSML_09_00GEMM_09_08_00': 0.00264}
TRSML_09_00,GEMM_09_09_00,0.00264,{'TRSML_09_00GEMM_09_09_00': 0.00264}
TRSML_09_00,GEMM_09_06_00,0.00264,{'TRSML_09_00GEMM_09_06_00': 0.00264}
TRSML_09_00,GEMM_09_11_00,0.00264,{'TRSML_09_00GEMM_09_11_00': 0.00264}
TRSML_09_00,GEMM_09_01_00,0.00264,{'TRSML_09_00GEMM_09_01_00': 0.00264}
TRSML_09_00,GEMM_09_12_00,0.00264,{'TRSML_09_00GEMM_09_12_00': 0.00264}
TRSML_09_00,GEMM_09_07_00,0.00264,{'TRSML_09_00GEMM_09_07_00': 0.00264}
TRSML_09_00,GEMM_09_14_00,0.00264,{'TRSML_09_00GEMM_09_14_00': 0.00264}
TRSML_09_00,GEMM_09_02_00,0.00264,{'TRSML_09_00GEMM_09_02_00': 0.00264}
TRSML_09_01,GEMM_09_14_01,0.00264,{'TRSML_09_01GEMM_09_14_01': 0.00264}
TRSML_09_01,GEMM_09_03_01,0.00264,{'TRSML_09_01GEMM_09_03_01': 0.00264}
TRSML_09_01,GEMM_09_11_01,0.00264,{'TRSML_09_01GEMM_09_11_01': 0.00264}
TRSML_09_01,GEMM_09_04_01,0.00264,{'TRSML_09_01GEMM_09_04_01': 0.00264}
TRSML_09_01,GEMM_09_10_01,0.00264,{'TRSML_09_01GEMM_09_10_01': 0.00264}
TRSML_09_01,GEMM_09_05_01,0.00264,{'TRSML_09_01GEMM_09_05_01': 0.00264}
TRSML_09_01,GEMM_09_08_01,0.00264,{'TRSML_09_01GEMM_09_08_01': 0.00264}
TRSML_09_01,GEMM_09_06_01,0.00264,{'TRSML_09_01GEMM_09_06_01': 0.00264}
TRSML_09_01,GEMM_09_09_01,0.00264,{'TRSML_09_01GEMM_09_09_01': 0.00264}
TRSML_09_01,GEMM_09_13_01,0.00264,{'TRSML_09_01GEMM_09_13_01': 0.00264}
TRSML_09_01,GEMM_09_12_01,0.00264,{'TRSML_09_01GEMM_09_12_01': 0.00264}
TRSML_09_01,GEMM_09_07_01,0.00264,{'TRSML_09_01GEMM_09_07_01': 0.00264}
TRSML_09_01,GEMM_09_02_01,0.00264,{'TRSML_09_01GEMM_09_02_01': 0.00264}
GEMM_04_03_01,GEMM_04_03_02,0.0050999999999999995,{'GEMM_04_03_01GEMM_04_03_02': 0.0050999999999999995}
GEMM_04_03_00,GEMM_04_03_01,0.0050999999999999995,{'GEMM_04_03_00GEMM_04_03_01': 0.0050999999999999995}
GEMM_04_11_00,GEMM_04_11_01,0.0050999999999999995,{'GEMM_04_11_00GEMM_04_11_01': 0.0050999999999999995}
GEMM_04_11_01,GEMM_04_11_02,0.0050999999999999995,{'GEMM_04_11_01GEMM_04_11_02': 0.0050999999999999995}
GEMM_04_11_02,GEMM_04_11_03,0.0050999999999999995,{'GEMM_04_11_02GEMM_04_11_03': 0.0050999999999999995}
GEMM_04_11_03,TRSMU_04_11,0.0050999999999999995,{'GEMM_04_11_03TRSMU_04_11': 0.0050999999999999995}
GEMM_11_09_03,GEMM_11_09_04,0.0050999999999999995,{'GEMM_11_09_03GEMM_11_09_04': 0.0050999999999999995}
GEMM_11_09_02,GEMM_11_09_03,0.0050999999999999995,{'GEMM_11_09_02GEMM_11_09_03': 0.0050999999999999995}
GEMM_11_09_01,GEMM_11_09_02,0.0050999999999999995,{'GEMM_11_09_01GEMM_11_09_02': 0.0050999999999999995}
GEMM_11_09_00,GEMM_11_09_01,0.0050999999999999995,{'GEMM_11_09_00GEMM_11_09_01': 0.0050999999999999995}
GEMM_11_09_07,GEMM_11_09_08,0.0050999999999999995,{'GEMM_11_09_07GEMM_11_09_08': 0.0050999999999999995}
GEMM_11_09_06,GEMM_11_09_07,0.0050999999999999995,{'GEMM_11_09_06GEMM_11_09_07': 0.0050999999999999995}
GEMM_11_09_05,GEMM_11_09_06,0.0050999999999999995,{'GEMM_11_09_05GEMM_11_09_06': 0.0050999999999999995}
GEMM_07_07_03,GEMM_07_07_04,0.0050999999999999995,{'GEMM_07_07_03GEMM_07_07_04': 0.0050999999999999995}
GEMM_12_02_01,TRSML_12_02,0.0050999999999999995,{'GEMM_12_02_01TRSML_12_02': 0.0050999999999999995}
GEMM_12_02_00,GEMM_12_02_01,0.0050999999999999995,{'GEMM_12_02_00GEMM_12_02_01': 0.0050999999999999995}
GEMM_12_03_02,TRSML_12_03,0.0050999999999999995,{'GEMM_12_03_02TRSML_12_03': 0.0050999999999999995}
GEMM_12_03_00,GEMM_12_03_01,0.0050999999999999995,{'GEMM_12_03_00GEMM_12_03_01': 0.0050999999999999995}
GEMM_12_03_01,GEMM_12_03_02,0.0050999999999999995,{'GEMM_12_03_01GEMM_12_03_02': 0.0050999999999999995}
GEMM_06_05_03,GEMM_06_05_04,0.0050999999999999995,{'GEMM_06_05_03GEMM_06_05_04': 0.0050999999999999995}
GEMM_06_05_02,GEMM_06_05_03,0.0050999999999999995,{'GEMM_06_05_02GEMM_06_05_03': 0.0050999999999999995}
GEMM_06_05_01,GEMM_06_05_02,0.0050999999999999995,{'GEMM_06_05_01GEMM_06_05_02': 0.0050999999999999995}
GEMM_06_05_00,GEMM_06_05_01,0.0050999999999999995,{'GEMM_06_05_00GEMM_06_05_01': 0.0050999999999999995}
GEMM_11_14_10,TRSMU_11_14,0.0050999999999999995,{'GEMM_11_14_10TRSMU_11_14': 0.0050999999999999995}
GEMM_09_10_06,GEMM_09_10_07,0.0050999999999999995,{'GEMM_09_10_06GEMM_09_10_07': 0.0050999999999999995}
GEMM_14_14_09,GEMM_14_14_10,0.0050999999999999995,{'GEMM_14_14_09GEMM_14_14_10': 0.0050999999999999995}
GEMM_04_13_02,GEMM_04_13_03,0.0050999999999999995,{'GEMM_04_13_02GEMM_04_13_03': 0.0050999999999999995}
GEMM_04_13_03,TRSMU_04_13,0.0050999999999999995,{'GEMM_04_13_03TRSMU_04_13': 0.0050999999999999995}
GEMM_04_13_00,GEMM_04_13_01,0.0050999999999999995,{'GEMM_04_13_00GEMM_04_13_01': 0.0050999999999999995}
GEMM_04_13_01,GEMM_04_13_02,0.0050999999999999995,{'GEMM_04_13_01GEMM_04_13_02': 0.0050999999999999995}
TRSML_07_05,GEMM_07_07_05,0.00264,{'TRSML_07_05GEMM_07_07_05': 0.00264}
TRSML_07_05,GEMM_07_09_05,0.00264,{'TRSML_07_05GEMM_07_09_05': 0.00264}
TRSML_07_05,GEMM_07_06_05,0.00264,{'TRSML_07_05GEMM_07_06_05': 0.00264}
TRSML_07_05,GEMM_07_11_05,0.00264,{'TRSML_07_05GEMM_07_11_05': 0.00264}
TRSML_07_05,GEMM_07_10_05,0.00264,{'TRSML_07_05GEMM_07_10_05': 0.00264}
TRSML_07_05,GEMM_07_13_05,0.00264,{'TRSML_07_05GEMM_07_13_05': 0.00264}
TRSML_07_05,GEMM_07_14_05,0.00264,{'TRSML_07_05GEMM_07_14_05': 0.00264}
TRSML_07_05,GEMM_07_12_05,0.00264,{'TRSML_07_05GEMM_07_12_05': 0.00264}
TRSML_07_05,GEMM_07_08_05,0.00264,{'TRSML_07_05GEMM_07_08_05': 0.00264}
GEMM_09_07_03,GEMM_09_07_04,0.0050999999999999995,{'GEMM_09_07_03GEMM_09_07_04': 0.0050999999999999995}
GEMM_10_14_02,GEMM_10_14_03,0.0050999999999999995,{'GEMM_10_14_02GEMM_10_14_03': 0.0050999999999999995}
TRSML_06_05,GEMM_06_12_05,0.00264,{'TRSML_06_05GEMM_06_12_05': 0.00264}
TRSML_06_05,GEMM_06_11_05,0.00264,{'TRSML_06_05GEMM_06_11_05': 0.00264}
TRSML_06_05,GEMM_06_14_05,0.00264,{'TRSML_06_05GEMM_06_14_05': 0.00264}
TRSML_06_05,GEMM_06_07_05,0.00264,{'TRSML_06_05GEMM_06_07_05': 0.00264}
TRSML_06_05,GEMM_06_13_05,0.00264,{'TRSML_06_05GEMM_06_13_05': 0.00264}
TRSML_06_05,GEMM_06_10_05,0.00264,{'TRSML_06_05GEMM_06_10_05': 0.00264}
TRSML_06_05,GEMM_06_08_05,0.00264,{'TRSML_06_05GEMM_06_08_05': 0.00264}
TRSML_06_05,GEMM_06_06_05,0.00264,{'TRSML_06_05GEMM_06_06_05': 0.00264}
TRSML_06_05,GEMM_06_09_05,0.00264,{'TRSML_06_05GEMM_06_09_05': 0.00264}
GEMM_13_14_03,GEMM_13_14_04,0.0050999999999999995,{'GEMM_13_14_03GEMM_13_14_04': 0.0050999999999999995}
GEMM_09_07_01,GEMM_09_07_02,0.0050999999999999995,{'GEMM_09_07_01GEMM_09_07_02': 0.0050999999999999995}
TRSML_06_01,GEMM_06_03_01,0.00264,{'TRSML_06_01GEMM_06_03_01': 0.00264}
TRSML_06_01,GEMM_06_14_01,0.00264,{'TRSML_06_01GEMM_06_14_01': 0.00264}
TRSML_06_01,GEMM_06_12_01,0.00264,{'TRSML_06_01GEMM_06_12_01': 0.00264}
TRSML_06_01,GEMM_06_05_01,0.00264,{'TRSML_06_01GEMM_06_05_01': 0.00264}
TRSML_06_01,GEMM_06_10_01,0.00264,{'TRSML_06_01GEMM_06_10_01': 0.00264}
TRSML_06_01,GEMM_06_04_01,0.00264,{'TRSML_06_01GEMM_06_04_01': 0.00264}
TRSML_06_01,GEMM_06_02_01,0.00264,{'TRSML_06_01GEMM_06_02_01': 0.00264}
TRSML_06_01,GEMM_06_07_01,0.00264,{'TRSML_06_01GEMM_06_07_01': 0.00264}
TRSML_06_01,GEMM_06_09_01,0.00264,{'TRSML_06_01GEMM_06_09_01': 0.00264}
TRSML_06_01,GEMM_06_08_01,0.00264,{'TRSML_06_01GEMM_06_08_01': 0.00264}
TRSML_06_01,GEMM_06_06_01,0.00264,{'TRSML_06_01GEMM_06_06_01': 0.00264}
TRSML_06_01,GEMM_06_11_01,0.00264,{'TRSML_06_01GEMM_06_11_01': 0.00264}
TRSML_06_01,GEMM_06_13_01,0.00264,{'TRSML_06_01GEMM_06_13_01': 0.00264}
TRSML_06_00,GEMM_06_03_00,0.00264,{'TRSML_06_00GEMM_06_03_00': 0.00264}
TRSML_06_00,GEMM_06_11_00,0.00264,{'TRSML_06_00GEMM_06_11_00': 0.00264}
TRSML_06_00,GEMM_06_05_00,0.00264,{'TRSML_06_00GEMM_06_05_00': 0.00264}
TRSML_06_00,GEMM_06_04_00,0.00264,{'TRSML_06_00GEMM_06_04_00': 0.00264}
TRSML_06_00,GEMM_06_02_00,0.00264,{'TRSML_06_00GEMM_06_02_00': 0.00264}
TRSML_06_00,GEMM_06_12_00,0.00264,{'TRSML_06_00GEMM_06_12_00': 0.00264}
TRSML_06_00,GEMM_06_07_00,0.00264,{'TRSML_06_00GEMM_06_07_00': 0.00264}
TRSML_06_00,GEMM_06_10_00,0.00264,{'TRSML_06_00GEMM_06_10_00': 0.00264}
TRSML_06_00,GEMM_06_13_00,0.00264,{'TRSML_06_00GEMM_06_13_00': 0.00264}
TRSML_06_00,GEMM_06_09_00,0.00264,{'TRSML_06_00GEMM_06_09_00': 0.00264}
TRSML_06_00,GEMM_06_08_00,0.00264,{'TRSML_06_00GEMM_06_08_00': 0.00264}
TRSML_06_00,GEMM_06_06_00,0.00264,{'TRSML_06_00GEMM_06_06_00': 0.00264}
TRSML_06_00,GEMM_06_01_00,0.00264,{'TRSML_06_00GEMM_06_01_00': 0.00264}
TRSML_06_00,GEMM_06_14_00,0.00264,{'TRSML_06_00GEMM_06_14_00': 0.00264}
TRSML_06_03,GEMM_06_14_03,0.00264,{'TRSML_06_03GEMM_06_14_03': 0.00264}
TRSML_06_03,GEMM_06_13_03,0.00264,{'TRSML_06_03GEMM_06_13_03': 0.00264}
TRSML_06_03,GEMM_06_05_03,0.00264,{'TRSML_06_03GEMM_06_05_03': 0.00264}
TRSML_06_03,GEMM_06_04_03,0.00264,{'TRSML_06_03GEMM_06_04_03': 0.00264}
TRSML_06_03,GEMM_06_07_03,0.00264,{'TRSML_06_03GEMM_06_07_03': 0.00264}
TRSML_06_03,GEMM_06_09_03,0.00264,{'TRSML_06_03GEMM_06_09_03': 0.00264}
TRSML_06_03,GEMM_06_10_03,0.00264,{'TRSML_06_03GEMM_06_10_03': 0.00264}
TRSML_06_03,GEMM_06_06_03,0.00264,{'TRSML_06_03GEMM_06_06_03': 0.00264}
TRSML_06_03,GEMM_06_08_03,0.00264,{'TRSML_06_03GEMM_06_08_03': 0.00264}
TRSML_06_03,GEMM_06_12_03,0.00264,{'TRSML_06_03GEMM_06_12_03': 0.00264}
TRSML_06_03,GEMM_06_11_03,0.00264,{'TRSML_06_03GEMM_06_11_03': 0.00264}
TRSML_06_02,GEMM_06_03_02,0.00264,{'TRSML_06_02GEMM_06_03_02': 0.00264}
TRSML_06_02,GEMM_06_05_02,0.00264,{'TRSML_06_02GEMM_06_05_02': 0.00264}
TRSML_06_02,GEMM_06_04_02,0.00264,{'TRSML_06_02GEMM_06_04_02': 0.00264}
TRSML_06_02,GEMM_06_07_02,0.00264,{'TRSML_06_02GEMM_06_07_02': 0.00264}
TRSML_06_02,GEMM_06_09_02,0.00264,{'TRSML_06_02GEMM_06_09_02': 0.00264}
TRSML_06_02,GEMM_06_14_02,0.00264,{'TRSML_06_02GEMM_06_14_02': 0.00264}
TRSML_06_02,GEMM_06_06_02,0.00264,{'TRSML_06_02GEMM_06_06_02': 0.00264}
TRSML_06_02,GEMM_06_08_02,0.00264,{'TRSML_06_02GEMM_06_08_02': 0.00264}
TRSML_06_02,GEMM_06_11_02,0.00264,{'TRSML_06_02GEMM_06_11_02': 0.00264}
TRSML_06_02,GEMM_06_10_02,0.00264,{'TRSML_06_02GEMM_06_10_02': 0.00264}
TRSML_06_02,GEMM_06_13_02,0.00264,{'TRSML_06_02GEMM_06_13_02': 0.00264}
TRSML_06_02,GEMM_06_12_02,0.00264,{'TRSML_06_02GEMM_06_12_02': 0.00264}
GEMM_13_03_02,TRSML_13_03,0.0050999999999999995,{'GEMM_13_03_02TRSML_13_03': 0.0050999999999999995}
GEMM_13_03_01,GEMM_13_03_02,0.0050999999999999995,{'GEMM_13_03_01GEMM_13_03_02': 0.0050999999999999995}
GEMM_13_03_00,GEMM_13_03_01,0.0050999999999999995,{'GEMM_13_03_00GEMM_13_03_01': 0.0050999999999999995}
GEMM_04_06_00,GEMM_04_06_01,0.0050999999999999995,{'GEMM_04_06_00GEMM_04_06_01': 0.0050999999999999995}
GEMM_04_06_01,GEMM_04_06_02,0.0050999999999999995,{'GEMM_04_06_01GEMM_04_06_02': 0.0050999999999999995}
GEMM_08_04_00,GEMM_08_04_01,0.0050999999999999995,{'GEMM_08_04_00GEMM_08_04_01': 0.0050999999999999995}
GEMM_08_04_01,GEMM_08_04_02,0.0050999999999999995,{'GEMM_08_04_01GEMM_08_04_02': 0.0050999999999999995}
TRSML_08_03,GEMM_08_07_03,0.00264,{'TRSML_08_03GEMM_08_07_03': 0.00264}
TRSML_08_03,GEMM_08_14_03,0.00264,{'TRSML_08_03GEMM_08_14_03': 0.00264}
TRSML_08_03,GEMM_08_08_03,0.00264,{'TRSML_08_03GEMM_08_08_03': 0.00264}
TRSML_08_03,GEMM_08_06_03,0.00264,{'TRSML_08_03GEMM_08_06_03': 0.00264}
TRSML_08_03,GEMM_08_05_03,0.00264,{'TRSML_08_03GEMM_08_05_03': 0.00264}
TRSML_08_03,GEMM_08_10_03,0.00264,{'TRSML_08_03GEMM_08_10_03': 0.00264}
TRSML_08_03,GEMM_08_04_03,0.00264,{'TRSML_08_03GEMM_08_04_03': 0.00264}
TRSML_08_03,GEMM_08_11_03,0.00264,{'TRSML_08_03GEMM_08_11_03': 0.00264}
TRSML_08_03,GEMM_08_12_03,0.00264,{'TRSML_08_03GEMM_08_12_03': 0.00264}
TRSML_08_03,GEMM_08_13_03,0.00264,{'TRSML_08_03GEMM_08_13_03': 0.00264}
TRSML_08_03,GEMM_08_09_03,0.00264,{'TRSML_08_03GEMM_08_09_03': 0.00264}
TRSML_08_02,GEMM_08_07_02,0.00264,{'TRSML_08_02GEMM_08_07_02': 0.00264}
TRSML_08_02,GEMM_08_08_02,0.00264,{'TRSML_08_02GEMM_08_08_02': 0.00264}
TRSML_08_02,GEMM_08_06_02,0.00264,{'TRSML_08_02GEMM_08_06_02': 0.00264}
TRSML_08_02,GEMM_08_14_02,0.00264,{'TRSML_08_02GEMM_08_14_02': 0.00264}
TRSML_08_02,GEMM_08_05_02,0.00264,{'TRSML_08_02GEMM_08_05_02': 0.00264}
TRSML_08_02,GEMM_08_03_02,0.00264,{'TRSML_08_02GEMM_08_03_02': 0.00264}
TRSML_08_02,GEMM_08_10_02,0.00264,{'TRSML_08_02GEMM_08_10_02': 0.00264}
TRSML_08_02,GEMM_08_04_02,0.00264,{'TRSML_08_02GEMM_08_04_02': 0.00264}
TRSML_08_02,GEMM_08_11_02,0.00264,{'TRSML_08_02GEMM_08_11_02': 0.00264}
TRSML_08_02,GEMM_08_12_02,0.00264,{'TRSML_08_02GEMM_08_12_02': 0.00264}
TRSML_08_02,GEMM_08_13_02,0.00264,{'TRSML_08_02GEMM_08_13_02': 0.00264}
TRSML_08_02,GEMM_08_09_02,0.00264,{'TRSML_08_02GEMM_08_09_02': 0.00264}
TRSML_08_01,GEMM_08_07_01,0.00264,{'TRSML_08_01GEMM_08_07_01': 0.00264}
TRSML_08_01,GEMM_08_06_01,0.00264,{'TRSML_08_01GEMM_08_06_01': 0.00264}
TRSML_08_01,GEMM_08_08_01,0.00264,{'TRSML_08_01GEMM_08_08_01': 0.00264}
TRSML_08_01,GEMM_08_05_01,0.00264,{'TRSML_08_01GEMM_08_05_01': 0.00264}
TRSML_08_01,GEMM_08_14_01,0.00264,{'TRSML_08_01GEMM_08_14_01': 0.00264}
TRSML_08_01,GEMM_08_03_01,0.00264,{'TRSML_08_01GEMM_08_03_01': 0.00264}
TRSML_08_01,GEMM_08_11_01,0.00264,{'TRSML_08_01GEMM_08_11_01': 0.00264}
TRSML_08_01,GEMM_08_02_01,0.00264,{'TRSML_08_01GEMM_08_02_01': 0.00264}
TRSML_08_01,GEMM_08_04_01,0.00264,{'TRSML_08_01GEMM_08_04_01': 0.00264}
TRSML_08_01,GEMM_08_12_01,0.00264,{'TRSML_08_01GEMM_08_12_01': 0.00264}
TRSML_08_01,GEMM_08_10_01,0.00264,{'TRSML_08_01GEMM_08_10_01': 0.00264}
TRSML_08_01,GEMM_08_09_01,0.00264,{'TRSML_08_01GEMM_08_09_01': 0.00264}
TRSML_08_01,GEMM_08_13_01,0.00264,{'TRSML_08_01GEMM_08_13_01': 0.00264}
TRSML_08_00,GEMM_08_11_00,0.00264,{'TRSML_08_00GEMM_08_11_00': 0.00264}
TRSML_08_00,GEMM_08_07_00,0.00264,{'TRSML_08_00GEMM_08_07_00': 0.00264}
TRSML_08_00,GEMM_08_06_00,0.00264,{'TRSML_08_00GEMM_08_06_00': 0.00264}
TRSML_08_00,GEMM_08_08_00,0.00264,{'TRSML_08_00GEMM_08_08_00': 0.00264}
TRSML_08_00,GEMM_08_05_00,0.00264,{'TRSML_08_00GEMM_08_05_00': 0.00264}
TRSML_08_00,GEMM_08_03_00,0.00264,{'TRSML_08_00GEMM_08_03_00': 0.00264}
TRSML_08_00,GEMM_08_02_00,0.00264,{'TRSML_08_00GEMM_08_02_00': 0.00264}
TRSML_08_00,GEMM_08_04_00,0.00264,{'TRSML_08_00GEMM_08_04_00': 0.00264}
TRSML_08_00,GEMM_08_14_00,0.00264,{'TRSML_08_00GEMM_08_14_00': 0.00264}
TRSML_08_00,GEMM_08_01_00,0.00264,{'TRSML_08_00GEMM_08_01_00': 0.00264}
TRSML_08_00,GEMM_08_10_00,0.00264,{'TRSML_08_00GEMM_08_10_00': 0.00264}
TRSML_08_00,GEMM_08_09_00,0.00264,{'TRSML_08_00GEMM_08_09_00': 0.00264}
TRSML_08_00,GEMM_08_13_00,0.00264,{'TRSML_08_00GEMM_08_13_00': 0.00264}
TRSML_08_00,GEMM_08_12_00,0.00264,{'TRSML_08_00GEMM_08_12_00': 0.00264}
GEMM_04_04_02,GEMM_04_04_03,0.0050999999999999995,{'GEMM_04_04_02GEMM_04_04_03': 0.0050999999999999995}
GEMM_04_04_03,GETRF_04,0.0050999999999999995,{'GEMM_04_04_03GETRF_04': 0.0050999999999999995}
GEMM_04_04_00,GEMM_04_04_01,0.0050999999999999995,{'GEMM_04_04_00GEMM_04_04_01': 0.0050999999999999995}
GEMM_04_04_01,GEMM_04_04_02,0.0050999999999999995,{'GEMM_04_04_01GEMM_04_04_02': 0.0050999999999999995}
GEMM_04_12_01,GEMM_04_12_02,0.0050999999999999995,{'GEMM_04_12_01GEMM_04_12_02': 0.0050999999999999995}
GEMM_09_13_06,GEMM_09_13_07,0.0050999999999999995,{'GEMM_09_13_06GEMM_09_13_07': 0.0050999999999999995}
GEMM_14_13_07,GEMM_14_13_08,0.0050999999999999995,{'GEMM_14_13_07GEMM_14_13_08': 0.0050999999999999995}
GEMM_14_01_00,TRSML_14_01,0.0050999999999999995,{'GEMM_14_01_00TRSML_14_01': 0.0050999999999999995}
GEMM_04_14_03,TRSMU_04_14,0.0050999999999999995,{'GEMM_04_14_03TRSMU_04_14': 0.0050999999999999995}
GEMM_04_14_02,GEMM_04_14_03,0.0050999999999999995,{'GEMM_04_14_02GEMM_04_14_03': 0.0050999999999999995}
GEMM_04_14_01,GEMM_04_14_02,0.0050999999999999995,{'GEMM_04_14_01GEMM_04_14_02': 0.0050999999999999995}
GEMM_04_14_00,GEMM_04_14_01,0.0050999999999999995,{'GEMM_04_14_00GEMM_04_14_01': 0.0050999999999999995}
GEMM_13_01_00,TRSML_13_01,0.0050999999999999995,{'GEMM_13_01_00TRSML_13_01': 0.0050999999999999995}
GEMM_10_12_08,GEMM_10_12_09,0.0050999999999999995,{'GEMM_10_12_08GEMM_10_12_09': 0.0050999999999999995}
GEMM_03_12_02,TRSMU_03_12,0.0050999999999999995,{'GEMM_03_12_02TRSMU_03_12': 0.0050999999999999995}
GEMM_03_12_00,GEMM_03_12_01,0.0050999999999999995,{'GEMM_03_12_00GEMM_03_12_01': 0.0050999999999999995}
GEMM_03_12_01,GEMM_03_12_02,0.0050999999999999995,{'GEMM_03_12_01GEMM_03_12_02': 0.0050999999999999995}
GEMM_14_12_11,TRSML_14_12,0.0050999999999999995,{'GEMM_14_12_11TRSML_14_12': 0.0050999999999999995}
GEMM_13_07_06,TRSML_13_07,0.0050999999999999995,{'GEMM_13_07_06TRSML_13_07': 0.0050999999999999995}
GEMM_10_10_09,GETRF_10,0.0050999999999999995,{'GEMM_10_10_09GETRF_10': 0.0050999999999999995}
TRSMU_13_14,GEMM_14_14_13,0.00264,{'TRSMU_13_14GEMM_14_14_13': 0.00264}
TRSMU_07_14,GEMM_14_14_07,0.00264,{'TRSMU_07_14GEMM_14_14_07': 0.00264}
TRSMU_07_14,GEMM_08_14_07,0.00264,{'TRSMU_07_14GEMM_08_14_07': 0.00264}
TRSMU_07_14,GEMM_12_14_07,0.00264,{'TRSMU_07_14GEMM_12_14_07': 0.00264}
TRSMU_07_14,GEMM_11_14_07,0.00264,{'TRSMU_07_14GEMM_11_14_07': 0.00264}
TRSMU_07_14,GEMM_13_14_07,0.00264,{'TRSMU_07_14GEMM_13_14_07': 0.00264}
TRSMU_07_14,GEMM_09_14_07,0.00264,{'TRSMU_07_14GEMM_09_14_07': 0.00264}
TRSMU_07_14,GEMM_10_14_07,0.00264,{'TRSMU_07_14GEMM_10_14_07': 0.00264}
TRSML_14_12,GEMM_14_14_12,0.00264,{'TRSML_14_12GEMM_14_14_12': 0.00264}
TRSML_14_12,GEMM_14_13_12,0.00264,{'TRSML_14_12GEMM_14_13_12': 0.00264}
TRSMU_09_11,GEMM_12_11_09,0.00264,{'TRSMU_09_11GEMM_12_11_09': 0.00264}
TRSMU_09_11,GEMM_10_11_09,0.00264,{'TRSMU_09_11GEMM_10_11_09': 0.00264}
TRSMU_09_11,GEMM_13_11_09,0.00264,{'TRSMU_09_11GEMM_13_11_09': 0.00264}
TRSMU_09_11,GEMM_14_11_09,0.00264,{'TRSMU_09_11GEMM_14_11_09': 0.00264}
TRSMU_09_11,GEMM_11_11_09,0.00264,{'TRSMU_09_11GEMM_11_11_09': 0.00264}
GEMM_09_13_08,TRSMU_09_13,0.0050999999999999995,{'GEMM_09_13_08TRSMU_09_13': 0.0050999999999999995}
GEMM_04_12_03,TRSMU_04_12,0.0050999999999999995,{'GEMM_04_12_03TRSMU_04_12': 0.0050999999999999995}
TRSMU_08_13,GEMM_13_13_08,0.00264,{'TRSMU_08_13GEMM_13_13_08': 0.00264}
TRSMU_08_13,GEMM_11_13_08,0.00264,{'TRSMU_08_13GEMM_11_13_08': 0.00264}
TRSMU_08_13,GEMM_10_13_08,0.00264,{'TRSMU_08_13GEMM_10_13_08': 0.00264}
TRSMU_08_13,GEMM_12_13_08,0.00264,{'TRSMU_08_13GEMM_12_13_08': 0.00264}
TRSMU_08_13,GEMM_14_13_08,0.00264,{'TRSMU_08_13GEMM_14_13_08': 0.00264}
TRSMU_08_13,GEMM_09_13_08,0.00264,{'TRSMU_08_13GEMM_09_13_08': 0.00264}
GEMM_07_07_04,GEMM_07_07_05,0.0050999999999999995,{'GEMM_07_07_04GEMM_07_07_05': 0.0050999999999999995}
GEMM_10_10_07,GEMM_10_10_08,0.0050999999999999995,{'GEMM_10_10_07GEMM_10_10_08': 0.0050999999999999995}
GEMM_13_11_10,TRSML_13_11,0.0050999999999999995,{'GEMM_13_11_10TRSML_13_11': 0.0050999999999999995}
GEMM_07_07_05,GEMM_07_07_06,0.0050999999999999995,{'GEMM_07_07_05GEMM_07_07_06': 0.0050999999999999995}
GEMM_06_04_00,GEMM_06_04_01,0.0050999999999999995,{'GEMM_06_04_00GEMM_06_04_01': 0.0050999999999999995}
GEMM_06_04_01,GEMM_06_04_02,0.0050999999999999995,{'GEMM_06_04_01GEMM_06_04_02': 0.0050999999999999995}
GEMM_06_04_02,GEMM_06_04_03,0.0050999999999999995,{'GEMM_06_04_02GEMM_06_04_03': 0.0050999999999999995}
TRSML_03_01,GEMM_03_08_01,0.00264,{'TRSML_03_01GEMM_03_08_01': 0.00264}
TRSML_03_01,GEMM_03_07_01,0.00264,{'TRSML_03_01GEMM_03_07_01': 0.00264}
TRSML_03_01,GEMM_03_04_01,0.00264,{'TRSML_03_01GEMM_03_04_01': 0.00264}
TRSML_03_01,GEMM_03_11_01,0.00264,{'TRSML_03_01GEMM_03_11_01': 0.00264}
TRSML_03_01,GEMM_03_10_01,0.00264,{'TRSML_03_01GEMM_03_10_01': 0.00264}
TRSML_03_01,GEMM_03_09_01,0.00264,{'TRSML_03_01GEMM_03_09_01': 0.00264}
TRSML_03_01,GEMM_03_13_01,0.00264,{'TRSML_03_01GEMM_03_13_01': 0.00264}
TRSML_03_01,GEMM_03_05_01,0.00264,{'TRSML_03_01GEMM_03_05_01': 0.00264}
TRSML_03_01,GEMM_03_02_01,0.00264,{'TRSML_03_01GEMM_03_02_01': 0.00264}
TRSML_03_01,GEMM_03_03_01,0.00264,{'TRSML_03_01GEMM_03_03_01': 0.00264}
TRSML_03_01,GEMM_03_12_01,0.00264,{'TRSML_03_01GEMM_03_12_01': 0.00264}
TRSML_03_01,GEMM_03_14_01,0.00264,{'TRSML_03_01GEMM_03_14_01': 0.00264}
TRSML_03_01,GEMM_03_06_01,0.00264,{'TRSML_03_01GEMM_03_06_01': 0.00264}
TRSML_13_10,GEMM_13_14_10,0.00264,{'TRSML_13_10GEMM_13_14_10': 0.00264}
TRSML_13_10,GEMM_13_13_10,0.00264,{'TRSML_13_10GEMM_13_13_10': 0.00264}
TRSML_13_10,GEMM_13_12_10,0.00264,{'TRSML_13_10GEMM_13_12_10': 0.00264}
TRSML_13_10,GEMM_13_11_10,0.00264,{'TRSML_13_10GEMM_13_11_10': 0.00264}
GEMM_09_10_04,GEMM_09_10_05,0.0050999999999999995,{'GEMM_09_10_04GEMM_09_10_05': 0.0050999999999999995}
TRSML_13_12,GEMM_13_14_12,0.00264,{'TRSML_13_12GEMM_13_14_12': 0.00264}
TRSML_13_12,GEMM_13_13_12,0.00264,{'TRSML_13_12GEMM_13_13_12': 0.00264}
GEMM_06_13_05,TRSMU_06_13,0.0050999999999999995,{'GEMM_06_13_05TRSMU_06_13': 0.0050999999999999995}
GEMM_13_13_11,GEMM_13_13_12,0.0050999999999999995,{'GEMM_13_13_11GEMM_13_13_12': 0.0050999999999999995}
GEMM_12_05_03,GEMM_12_05_04,0.0050999999999999995,{'GEMM_12_05_03GEMM_12_05_04': 0.0050999999999999995}
GEMM_05_09_00,GEMM_05_09_01,0.0050999999999999995,{'GEMM_05_09_00GEMM_05_09_01': 0.0050999999999999995}
GEMM_04_12_02,GEMM_04_12_03,0.0050999999999999995,{'GEMM_04_12_02GEMM_04_12_03': 0.0050999999999999995}
GEMM_14_10_03,GEMM_14_10_04,0.0050999999999999995,{'GEMM_14_10_03GEMM_14_10_04': 0.0050999999999999995}
GEMM_07_07_01,GEMM_07_07_02,0.0050999999999999995,{'GEMM_07_07_01GEMM_07_07_02': 0.0050999999999999995}
GEMM_08_12_05,GEMM_08_12_06,0.0050999999999999995,{'GEMM_08_12_05GEMM_08_12_06': 0.0050999999999999995}
GEMM_07_07_02,GEMM_07_07_03,0.0050999999999999995,{'GEMM_07_07_02GEMM_07_07_03': 0.0050999999999999995}
GEMM_08_05_01,GEMM_08_05_02,0.0050999999999999995,{'GEMM_08_05_01GEMM_08_05_02': 0.0050999999999999995}
GEMM_08_05_00,GEMM_08_05_01,0.0050999999999999995,{'GEMM_08_05_00GEMM_08_05_01': 0.0050999999999999995}
GEMM_08_05_03,GEMM_08_05_04,0.0050999999999999995,{'GEMM_08_05_03GEMM_08_05_04': 0.0050999999999999995}
GEMM_08_05_02,GEMM_08_05_03,0.0050999999999999995,{'GEMM_08_05_02GEMM_08_05_03': 0.0050999999999999995}
GEMM_03_13_01,GEMM_03_13_02,0.0050999999999999995,{'GEMM_03_13_01GEMM_03_13_02': 0.0050999999999999995}
GEMM_03_13_00,GEMM_03_13_01,0.0050999999999999995,{'GEMM_03_13_00GEMM_03_13_01': 0.0050999999999999995}
GEMM_03_13_02,TRSMU_03_13,0.0050999999999999995,{'GEMM_03_13_02TRSMU_03_13': 0.0050999999999999995}
GEMM_01_14_00,TRSMU_01_14,0.0050999999999999995,{'GEMM_01_14_00TRSMU_01_14': 0.0050999999999999995}
GEMM_12_09_08,TRSML_12_09,0.0050999999999999995,{'GEMM_12_09_08TRSML_12_09': 0.0050999999999999995}
GETRF_11,TRSMU_11_13,0.0009899999999999998,{'GETRF_11TRSMU_11_13': 0.0009899999999999998}
GETRF_11,TRSMU_11_12,0.0009899999999999998,{'GETRF_11TRSMU_11_12': 0.0009899999999999998}
GETRF_11,TRSML_13_11,0.0009899999999999998,{'GETRF_11TRSML_13_11': 0.0009899999999999998}
GETRF_11,TRSMU_11_14,0.0009899999999999998,{'GETRF_11TRSMU_11_14': 0.0009899999999999998}
GETRF_11,TRSML_14_11,0.0009899999999999998,{'GETRF_11TRSML_14_11': 0.0009899999999999998}
GETRF_11,TRSML_12_11,0.0009899999999999998,{'GETRF_11TRSML_12_11': 0.0009899999999999998}
GEMM_12_09_04,GEMM_12_09_05,0.0050999999999999995,{'GEMM_12_09_04GEMM_12_09_05': 0.0050999999999999995}
GEMM_12_09_05,GEMM_12_09_06,0.0050999999999999995,{'GEMM_12_09_05GEMM_12_09_06': 0.0050999999999999995}
GEMM_12_09_06,GEMM_12_09_07,0.0050999999999999995,{'GEMM_12_09_06GEMM_12_09_07': 0.0050999999999999995}
GEMM_12_09_07,GEMM_12_09_08,0.0050999999999999995,{'GEMM_12_09_07GEMM_12_09_08': 0.0050999999999999995}
GEMM_12_09_00,GEMM_12_09_01,0.0050999999999999995,{'GEMM_12_09_00GEMM_12_09_01': 0.0050999999999999995}
GEMM_12_09_01,GEMM_12_09_02,0.0050999999999999995,{'GEMM_12_09_01GEMM_12_09_02': 0.0050999999999999995}
GEMM_12_09_02,GEMM_12_09_03,0.0050999999999999995,{'GEMM_12_09_02GEMM_12_09_03': 0.0050999999999999995}
GEMM_12_09_03,GEMM_12_09_04,0.0050999999999999995,{'GEMM_12_09_03GEMM_12_09_04': 0.0050999999999999995}
GETRF_13,TRSML_14_13,0.0009899999999999998,{'GETRF_13TRSML_14_13': 0.0009899999999999998}
GETRF_13,TRSMU_13_14,0.0009899999999999998,{'GETRF_13TRSMU_13_14': 0.0009899999999999998}
GEMM_14_03_02,TRSML_14_03,0.0050999999999999995,{'GEMM_14_03_02TRSML_14_03': 0.0050999999999999995}
TRSMU_03_12,GEMM_06_12_03,0.00264,{'TRSMU_03_12GEMM_06_12_03': 0.00264}
TRSMU_03_12,GEMM_04_12_03,0.00264,{'TRSMU_03_12GEMM_04_12_03': 0.00264}
TRSMU_03_12,GEMM_11_12_03,0.00264,{'TRSMU_03_12GEMM_11_12_03': 0.00264}
TRSMU_03_12,GEMM_05_12_03,0.00264,{'TRSMU_03_12GEMM_05_12_03': 0.00264}
TRSMU_03_12,GEMM_07_12_03,0.00264,{'TRSMU_03_12GEMM_07_12_03': 0.00264}
TRSMU_03_12,GEMM_13_12_03,0.00264,{'TRSMU_03_12GEMM_13_12_03': 0.00264}
TRSMU_03_12,GEMM_08_12_03,0.00264,{'TRSMU_03_12GEMM_08_12_03': 0.00264}
TRSMU_03_12,GEMM_12_12_03,0.00264,{'TRSMU_03_12GEMM_12_12_03': 0.00264}
TRSMU_03_12,GEMM_10_12_03,0.00264,{'TRSMU_03_12GEMM_10_12_03': 0.00264}
TRSMU_03_12,GEMM_09_12_03,0.00264,{'TRSMU_03_12GEMM_09_12_03': 0.00264}
TRSMU_03_12,GEMM_14_12_03,0.00264,{'TRSMU_03_12GEMM_14_12_03': 0.00264}
GEMM_06_13_00,GEMM_06_13_01,0.0050999999999999995,{'GEMM_06_13_00GEMM_06_13_01': 0.0050999999999999995}
GEMM_06_13_01,GEMM_06_13_02,0.0050999999999999995,{'GEMM_06_13_01GEMM_06_13_02': 0.0050999999999999995}
GEMM_06_13_02,GEMM_06_13_03,0.0050999999999999995,{'GEMM_06_13_02GEMM_06_13_03': 0.0050999999999999995}
GEMM_06_13_03,GEMM_06_13_04,0.0050999999999999995,{'GEMM_06_13_03GEMM_06_13_04': 0.0050999999999999995}
GEMM_13_02_00,GEMM_13_02_01,0.0050999999999999995,{'GEMM_13_02_00GEMM_13_02_01': 0.0050999999999999995}
GEMM_13_02_01,TRSML_13_02,0.0050999999999999995,{'GEMM_13_02_01TRSML_13_02': 0.0050999999999999995}
GEMM_03_02_01,TRSML_03_02,0.0050999999999999995,{'GEMM_03_02_01TRSML_03_02': 0.0050999999999999995}
GEMM_03_02_00,GEMM_03_02_01,0.0050999999999999995,{'GEMM_03_02_00GEMM_03_02_01': 0.0050999999999999995}
GEMM_13_14_10,GEMM_13_14_11,0.0050999999999999995,{'GEMM_13_14_10GEMM_13_14_11': 0.0050999999999999995}
TRSMU_00_14,GEMM_06_14_00,0.00264,{'TRSMU_00_14GEMM_06_14_00': 0.00264}
TRSMU_00_14,GEMM_08_14_00,0.00264,{'TRSMU_00_14GEMM_08_14_00': 0.00264}
TRSMU_00_14,GEMM_14_14_00,0.00264,{'TRSMU_00_14GEMM_14_14_00': 0.00264}
TRSMU_00_14,GEMM_05_14_00,0.00264,{'TRSMU_00_14GEMM_05_14_00': 0.00264}
TRSMU_00_14,GEMM_11_14_00,0.00264,{'TRSMU_00_14GEMM_11_14_00': 0.00264}
TRSMU_00_14,GEMM_12_14_00,0.00264,{'TRSMU_00_14GEMM_12_14_00': 0.00264}
TRSMU_00_14,GEMM_04_14_00,0.00264,{'TRSMU_00_14GEMM_04_14_00': 0.00264}
TRSMU_00_14,GEMM_07_14_00,0.00264,{'TRSMU_00_14GEMM_07_14_00': 0.00264}
TRSMU_00_14,GEMM_01_14_00,0.00264,{'TRSMU_00_14GEMM_01_14_00': 0.00264}
TRSMU_00_14,GEMM_13_14_00,0.00264,{'TRSMU_00_14GEMM_13_14_00': 0.00264}
TRSMU_00_14,GEMM_10_14_00,0.00264,{'TRSMU_00_14GEMM_10_14_00': 0.00264}
TRSMU_00_14,GEMM_09_14_00,0.00264,{'TRSMU_00_14GEMM_09_14_00': 0.00264}
TRSMU_00_14,GEMM_03_14_00,0.00264,{'TRSMU_00_14GEMM_03_14_00': 0.00264}
TRSMU_00_14,GEMM_02_14_00,0.00264,{'TRSMU_00_14GEMM_02_14_00': 0.00264}
TRSMU_04_14,GEMM_14_14_04,0.00264,{'TRSMU_04_14GEMM_14_14_04': 0.00264}
TRSMU_04_14,GEMM_05_14_04,0.00264,{'TRSMU_04_14GEMM_05_14_04': 0.00264}
TRSMU_04_14,GEMM_06_14_04,0.00264,{'TRSMU_04_14GEMM_06_14_04': 0.00264}
TRSMU_04_14,GEMM_08_14_04,0.00264,{'TRSMU_04_14GEMM_08_14_04': 0.00264}
TRSMU_04_14,GEMM_12_14_04,0.00264,{'TRSMU_04_14GEMM_12_14_04': 0.00264}
TRSMU_04_14,GEMM_11_14_04,0.00264,{'TRSMU_04_14GEMM_11_14_04': 0.00264}
TRSMU_04_14,GEMM_13_14_04,0.00264,{'TRSMU_04_14GEMM_13_14_04': 0.00264}
TRSMU_04_14,GEMM_07_14_04,0.00264,{'TRSMU_04_14GEMM_07_14_04': 0.00264}
TRSMU_04_14,GEMM_10_14_04,0.00264,{'TRSMU_04_14GEMM_10_14_04': 0.00264}
TRSMU_04_14,GEMM_09_14_04,0.00264,{'TRSMU_04_14GEMM_09_14_04': 0.00264}
TRSMU_00_11,GEMM_07_11_00,0.00264,{'TRSMU_00_11GEMM_07_11_00': 0.00264}
TRSMU_00_11,GEMM_04_11_00,0.00264,{'TRSMU_00_11GEMM_04_11_00': 0.00264}
TRSMU_00_11,GEMM_03_11_00,0.00264,{'TRSMU_00_11GEMM_03_11_00': 0.00264}
TRSMU_00_11,GEMM_10_11_00,0.00264,{'TRSMU_00_11GEMM_10_11_00': 0.00264}
TRSMU_00_11,GEMM_13_11_00,0.00264,{'TRSMU_00_11GEMM_13_11_00': 0.00264}
TRSMU_00_11,GEMM_14_11_00,0.00264,{'TRSMU_00_11GEMM_14_11_00': 0.00264}
TRSMU_00_11,GEMM_08_11_00,0.00264,{'TRSMU_00_11GEMM_08_11_00': 0.00264}
TRSMU_00_11,GEMM_05_11_00,0.00264,{'TRSMU_00_11GEMM_05_11_00': 0.00264}
TRSMU_00_11,GEMM_01_11_00,0.00264,{'TRSMU_00_11GEMM_01_11_00': 0.00264}
TRSMU_00_11,GEMM_06_11_00,0.00264,{'TRSMU_00_11GEMM_06_11_00': 0.00264}
TRSMU_00_11,GEMM_12_11_00,0.00264,{'TRSMU_00_11GEMM_12_11_00': 0.00264}
TRSMU_00_11,GEMM_02_11_00,0.00264,{'TRSMU_00_11GEMM_02_11_00': 0.00264}
TRSMU_00_11,GEMM_09_11_00,0.00264,{'TRSMU_00_11GEMM_09_11_00': 0.00264}
TRSMU_00_11,GEMM_11_11_00,0.00264,{'TRSMU_00_11GEMM_11_11_00': 0.00264}
TRSMU_00_10,GEMM_12_10_00,0.00264,{'TRSMU_00_10GEMM_12_10_00': 0.00264}
TRSMU_00_10,GEMM_04_10_00,0.00264,{'TRSMU_00_10GEMM_04_10_00': 0.00264}
TRSMU_00_10,GEMM_07_10_00,0.00264,{'TRSMU_00_10GEMM_07_10_00': 0.00264}
TRSMU_00_10,GEMM_09_10_00,0.00264,{'TRSMU_00_10GEMM_09_10_00': 0.00264}
TRSMU_00_10,GEMM_03_10_00,0.00264,{'TRSMU_00_10GEMM_03_10_00': 0.00264}
TRSMU_00_10,GEMM_13_10_00,0.00264,{'TRSMU_00_10GEMM_13_10_00': 0.00264}
TRSMU_00_10,GEMM_10_10_00,0.00264,{'TRSMU_00_10GEMM_10_10_00': 0.00264}
TRSMU_00_10,GEMM_06_10_00,0.00264,{'TRSMU_00_10GEMM_06_10_00': 0.00264}
TRSMU_00_10,GEMM_08_10_00,0.00264,{'TRSMU_00_10GEMM_08_10_00': 0.00264}
TRSMU_00_10,GEMM_14_10_00,0.00264,{'TRSMU_00_10GEMM_14_10_00': 0.00264}
TRSMU_00_10,GEMM_02_10_00,0.00264,{'TRSMU_00_10GEMM_02_10_00': 0.00264}
TRSMU_00_10,GEMM_11_10_00,0.00264,{'TRSMU_00_10GEMM_11_10_00': 0.00264}
TRSMU_00_10,GEMM_05_10_00,0.00264,{'TRSMU_00_10GEMM_05_10_00': 0.00264}
TRSMU_00_10,GEMM_01_10_00,0.00264,{'TRSMU_00_10GEMM_01_10_00': 0.00264}
TRSMU_00_13,GEMM_06_13_00,0.00264,{'TRSMU_00_13GEMM_06_13_00': 0.00264}
TRSMU_00_13,GEMM_07_13_00,0.00264,{'TRSMU_00_13GEMM_07_13_00': 0.00264}
TRSMU_00_13,GEMM_05_13_00,0.00264,{'TRSMU_00_13GEMM_05_13_00': 0.00264}
TRSMU_00_13,GEMM_02_13_00,0.00264,{'TRSMU_00_13GEMM_02_13_00': 0.00264}
TRSMU_00_13,GEMM_03_13_00,0.00264,{'TRSMU_00_13GEMM_03_13_00': 0.00264}
TRSMU_00_13,GEMM_01_13_00,0.00264,{'TRSMU_00_13GEMM_01_13_00': 0.00264}
TRSMU_00_13,GEMM_11_13_00,0.00264,{'TRSMU_00_13GEMM_11_13_00': 0.00264}
TRSMU_00_13,GEMM_10_13_00,0.00264,{'TRSMU_00_13GEMM_10_13_00': 0.00264}
TRSMU_00_13,GEMM_04_13_00,0.00264,{'TRSMU_00_13GEMM_04_13_00': 0.00264}
TRSMU_00_13,GEMM_12_13_00,0.00264,{'TRSMU_00_13GEMM_12_13_00': 0.00264}
TRSMU_00_13,GEMM_14_13_00,0.00264,{'TRSMU_00_13GEMM_14_13_00': 0.00264}
TRSMU_00_13,GEMM_09_13_00,0.00264,{'TRSMU_00_13GEMM_09_13_00': 0.00264}
TRSMU_00_13,GEMM_13_13_00,0.00264,{'TRSMU_00_13GEMM_13_13_00': 0.00264}
TRSMU_00_13,GEMM_08_13_00,0.00264,{'TRSMU_00_13GEMM_08_13_00': 0.00264}
TRSMU_00_12,GEMM_06_12_00,0.00264,{'TRSMU_00_12GEMM_06_12_00': 0.00264}
TRSMU_00_12,GEMM_04_12_00,0.00264,{'TRSMU_00_12GEMM_04_12_00': 0.00264}
TRSMU_00_12,GEMM_02_12_00,0.00264,{'TRSMU_00_12GEMM_02_12_00': 0.00264}
TRSMU_00_12,GEMM_05_12_00,0.00264,{'TRSMU_00_12GEMM_05_12_00': 0.00264}
TRSMU_00_12,GEMM_11_12_00,0.00264,{'TRSMU_00_12GEMM_11_12_00': 0.00264}
TRSMU_00_12,GEMM_01_12_00,0.00264,{'TRSMU_00_12GEMM_01_12_00': 0.00264}
TRSMU_00_12,GEMM_13_12_00,0.00264,{'TRSMU_00_12GEMM_13_12_00': 0.00264}
TRSMU_00_12,GEMM_07_12_00,0.00264,{'TRSMU_00_12GEMM_07_12_00': 0.00264}
TRSMU_00_12,GEMM_12_12_00,0.00264,{'TRSMU_00_12GEMM_12_12_00': 0.00264}
TRSMU_00_12,GEMM_08_12_00,0.00264,{'TRSMU_00_12GEMM_08_12_00': 0.00264}
TRSMU_00_12,GEMM_03_12_00,0.00264,{'TRSMU_00_12GEMM_03_12_00': 0.00264}
TRSMU_00_12,GEMM_09_12_00,0.00264,{'TRSMU_00_12GEMM_09_12_00': 0.00264}
TRSMU_00_12,GEMM_10_12_00,0.00264,{'TRSMU_00_12GEMM_10_12_00': 0.00264}
TRSMU_00_12,GEMM_14_12_00,0.00264,{'TRSMU_00_12GEMM_14_12_00': 0.00264}
GEMM_07_10_04,GEMM_07_10_05,0.0050999999999999995,{'GEMM_07_10_04GEMM_07_10_05': 0.0050999999999999995}
GEMM_07_10_05,GEMM_07_10_06,0.0050999999999999995,{'GEMM_07_10_05GEMM_07_10_06': 0.0050999999999999995}
GEMM_07_10_06,TRSMU_07_10,0.0050999999999999995,{'GEMM_07_10_06TRSMU_07_10': 0.0050999999999999995}
GEMM_07_10_00,GEMM_07_10_01,0.0050999999999999995,{'GEMM_07_10_00GEMM_07_10_01': 0.0050999999999999995}
GEMM_07_10_01,GEMM_07_10_02,0.0050999999999999995,{'GEMM_07_10_01GEMM_07_10_02': 0.0050999999999999995}
GEMM_07_10_02,GEMM_07_10_03,0.0050999999999999995,{'GEMM_07_10_02GEMM_07_10_03': 0.0050999999999999995}
GEMM_07_10_03,GEMM_07_10_04,0.0050999999999999995,{'GEMM_07_10_03GEMM_07_10_04': 0.0050999999999999995}
GEMM_03_10_00,GEMM_03_10_01,0.0050999999999999995,{'GEMM_03_10_00GEMM_03_10_01': 0.0050999999999999995}
GEMM_03_10_01,GEMM_03_10_02,0.0050999999999999995,{'GEMM_03_10_01GEMM_03_10_02': 0.0050999999999999995}
GEMM_03_10_02,TRSMU_03_10,0.0050999999999999995,{'GEMM_03_10_02TRSMU_03_10': 0.0050999999999999995}
GEMM_11_10_07,GEMM_11_10_08,0.0050999999999999995,{'GEMM_11_10_07GEMM_11_10_08': 0.0050999999999999995}
GEMM_08_09_05,GEMM_08_09_06,0.0050999999999999995,{'GEMM_08_09_05GEMM_08_09_06': 0.0050999999999999995}
GEMM_14_12_10,GEMM_14_12_11,0.0050999999999999995,{'GEMM_14_12_10GEMM_14_12_11': 0.0050999999999999995}
TRSML_13_09,GEMM_13_12_09,0.00264,{'TRSML_13_09GEMM_13_12_09': 0.00264}
TRSML_13_09,GEMM_13_10_09,0.00264,{'TRSML_13_09GEMM_13_10_09': 0.00264}
TRSML_13_09,GEMM_13_13_09,0.00264,{'TRSML_13_09GEMM_13_13_09': 0.00264}
TRSML_13_09,GEMM_13_11_09,0.00264,{'TRSML_13_09GEMM_13_11_09': 0.00264}
TRSML_13_09,GEMM_13_14_09,0.00264,{'TRSML_13_09GEMM_13_14_09': 0.00264}
GEMM_11_10_06,GEMM_11_10_07,0.0050999999999999995,{'GEMM_11_10_06GEMM_11_10_07': 0.0050999999999999995}
GEMM_10_12_06,GEMM_10_12_07,0.0050999999999999995,{'GEMM_10_12_06GEMM_10_12_07': 0.0050999999999999995}
GEMM_14_10_06,GEMM_14_10_07,0.0050999999999999995,{'GEMM_14_10_06GEMM_14_10_07': 0.0050999999999999995}
GEMM_13_04_00,GEMM_13_04_01,0.0050999999999999995,{'GEMM_13_04_00GEMM_13_04_01': 0.0050999999999999995}
GEMM_03_14_00,GEMM_03_14_01,0.0050999999999999995,{'GEMM_03_14_00GEMM_03_14_01': 0.0050999999999999995}
GEMM_03_14_01,GEMM_03_14_02,0.0050999999999999995,{'GEMM_03_14_01GEMM_03_14_02': 0.0050999999999999995}
GEMM_03_14_02,TRSMU_03_14,0.0050999999999999995,{'GEMM_03_14_02TRSMU_03_14': 0.0050999999999999995}
TRSMU_11_12,GEMM_12_12_11,0.00264,{'TRSMU_11_12GEMM_12_12_11': 0.00264}
TRSMU_11_12,GEMM_13_12_11,0.00264,{'TRSMU_11_12GEMM_13_12_11': 0.00264}
TRSMU_11_12,GEMM_14_12_11,0.00264,{'TRSMU_11_12GEMM_14_12_11': 0.00264}
GEMM_06_09_04,GEMM_06_09_05,0.0050999999999999995,{'GEMM_06_09_04GEMM_06_09_05': 0.0050999999999999995}
TRSMU_02_14,GEMM_08_14_02,0.00264,{'TRSMU_02_14GEMM_08_14_02': 0.00264}
TRSMU_02_14,GEMM_06_14_02,0.00264,{'TRSMU_02_14GEMM_06_14_02': 0.00264}
TRSMU_02_14,GEMM_05_14_02,0.00264,{'TRSMU_02_14GEMM_05_14_02': 0.00264}
TRSMU_02_14,GEMM_14_14_02,0.00264,{'TRSMU_02_14GEMM_14_14_02': 0.00264}
TRSMU_02_14,GEMM_11_14_02,0.00264,{'TRSMU_02_14GEMM_11_14_02': 0.00264}
TRSMU_02_14,GEMM_12_14_02,0.00264,{'TRSMU_02_14GEMM_12_14_02': 0.00264}
TRSMU_02_14,GEMM_04_14_02,0.00264,{'TRSMU_02_14GEMM_04_14_02': 0.00264}
TRSMU_02_14,GEMM_07_14_02,0.00264,{'TRSMU_02_14GEMM_07_14_02': 0.00264}
TRSMU_02_14,GEMM_13_14_02,0.00264,{'TRSMU_02_14GEMM_13_14_02': 0.00264}
TRSMU_02_14,GEMM_09_14_02,0.00264,{'TRSMU_02_14GEMM_09_14_02': 0.00264}
TRSMU_02_14,GEMM_10_14_02,0.00264,{'TRSMU_02_14GEMM_10_14_02': 0.00264}
TRSMU_02_14,GEMM_03_14_02,0.00264,{'TRSMU_02_14GEMM_03_14_02': 0.00264}
TRSMU_02_13,GEMM_05_13_02,0.00264,{'TRSMU_02_13GEMM_05_13_02': 0.00264}
TRSMU_02_13,GEMM_06_13_02,0.00264,{'TRSMU_02_13GEMM_06_13_02': 0.00264}
TRSMU_02_13,GEMM_07_13_02,0.00264,{'TRSMU_02_13GEMM_07_13_02': 0.00264}
TRSMU_02_13,GEMM_03_13_02,0.00264,{'TRSMU_02_13GEMM_03_13_02': 0.00264}
TRSMU_02_13,GEMM_04_13_02,0.00264,{'TRSMU_02_13GEMM_04_13_02': 0.00264}
TRSMU_02_13,GEMM_12_13_02,0.00264,{'TRSMU_02_13GEMM_12_13_02': 0.00264}
TRSMU_02_13,GEMM_11_13_02,0.00264,{'TRSMU_02_13GEMM_11_13_02': 0.00264}
TRSMU_02_13,GEMM_10_13_02,0.00264,{'TRSMU_02_13GEMM_10_13_02': 0.00264}
TRSMU_02_13,GEMM_09_13_02,0.00264,{'TRSMU_02_13GEMM_09_13_02': 0.00264}
TRSMU_02_13,GEMM_14_13_02,0.00264,{'TRSMU_02_13GEMM_14_13_02': 0.00264}
TRSMU_02_13,GEMM_13_13_02,0.00264,{'TRSMU_02_13GEMM_13_13_02': 0.00264}
TRSMU_02_13,GEMM_08_13_02,0.00264,{'TRSMU_02_13GEMM_08_13_02': 0.00264}
TRSMU_02_12,GEMM_06_12_02,0.00264,{'TRSMU_02_12GEMM_06_12_02': 0.00264}
TRSMU_02_12,GEMM_04_12_02,0.00264,{'TRSMU_02_12GEMM_04_12_02': 0.00264}
TRSMU_02_12,GEMM_11_12_02,0.00264,{'TRSMU_02_12GEMM_11_12_02': 0.00264}
TRSMU_02_12,GEMM_05_12_02,0.00264,{'TRSMU_02_12GEMM_05_12_02': 0.00264}
TRSMU_02_12,GEMM_07_12_02,0.00264,{'TRSMU_02_12GEMM_07_12_02': 0.00264}
TRSMU_02_12,GEMM_13_12_02,0.00264,{'TRSMU_02_12GEMM_13_12_02': 0.00264}
TRSMU_02_12,GEMM_03_12_02,0.00264,{'TRSMU_02_12GEMM_03_12_02': 0.00264}
TRSMU_02_12,GEMM_12_12_02,0.00264,{'TRSMU_02_12GEMM_12_12_02': 0.00264}
TRSMU_02_12,GEMM_08_12_02,0.00264,{'TRSMU_02_12GEMM_08_12_02': 0.00264}
TRSMU_02_12,GEMM_10_12_02,0.00264,{'TRSMU_02_12GEMM_10_12_02': 0.00264}
TRSMU_02_12,GEMM_09_12_02,0.00264,{'TRSMU_02_12GEMM_09_12_02': 0.00264}
TRSMU_02_12,GEMM_14_12_02,0.00264,{'TRSMU_02_12GEMM_14_12_02': 0.00264}
TRSMU_02_11,GEMM_07_11_02,0.00264,{'TRSMU_02_11GEMM_07_11_02': 0.00264}
TRSMU_02_11,GEMM_03_11_02,0.00264,{'TRSMU_02_11GEMM_03_11_02': 0.00264}
TRSMU_02_11,GEMM_04_11_02,0.00264,{'TRSMU_02_11GEMM_04_11_02': 0.00264}
TRSMU_02_11,GEMM_10_11_02,0.00264,{'TRSMU_02_11GEMM_10_11_02': 0.00264}
TRSMU_02_11,GEMM_14_11_02,0.00264,{'TRSMU_02_11GEMM_14_11_02': 0.00264}
TRSMU_02_11,GEMM_13_11_02,0.00264,{'TRSMU_02_11GEMM_13_11_02': 0.00264}
TRSMU_02_11,GEMM_08_11_02,0.00264,{'TRSMU_02_11GEMM_08_11_02': 0.00264}
TRSMU_02_11,GEMM_05_11_02,0.00264,{'TRSMU_02_11GEMM_05_11_02': 0.00264}
TRSMU_02_11,GEMM_06_11_02,0.00264,{'TRSMU_02_11GEMM_06_11_02': 0.00264}
TRSMU_02_11,GEMM_12_11_02,0.00264,{'TRSMU_02_11GEMM_12_11_02': 0.00264}
TRSMU_02_11,GEMM_11_11_02,0.00264,{'TRSMU_02_11GEMM_11_11_02': 0.00264}
TRSMU_02_11,GEMM_09_11_02,0.00264,{'TRSMU_02_11GEMM_09_11_02': 0.00264}
TRSMU_02_10,GEMM_12_10_02,0.00264,{'TRSMU_02_10GEMM_12_10_02': 0.00264}
TRSMU_02_10,GEMM_04_10_02,0.00264,{'TRSMU_02_10GEMM_04_10_02': 0.00264}
TRSMU_02_10,GEMM_09_10_02,0.00264,{'TRSMU_02_10GEMM_09_10_02': 0.00264}
TRSMU_02_10,GEMM_07_10_02,0.00264,{'TRSMU_02_10GEMM_07_10_02': 0.00264}
TRSMU_02_10,GEMM_13_10_02,0.00264,{'TRSMU_02_10GEMM_13_10_02': 0.00264}
TRSMU_02_10,GEMM_03_10_02,0.00264,{'TRSMU_02_10GEMM_03_10_02': 0.00264}
TRSMU_02_10,GEMM_08_10_02,0.00264,{'TRSMU_02_10GEMM_08_10_02': 0.00264}
TRSMU_02_10,GEMM_10_10_02,0.00264,{'TRSMU_02_10GEMM_10_10_02': 0.00264}
TRSMU_02_10,GEMM_06_10_02,0.00264,{'TRSMU_02_10GEMM_06_10_02': 0.00264}
TRSMU_02_10,GEMM_14_10_02,0.00264,{'TRSMU_02_10GEMM_14_10_02': 0.00264}
TRSMU_02_10,GEMM_11_10_02,0.00264,{'TRSMU_02_10GEMM_11_10_02': 0.00264}
TRSMU_02_10,GEMM_05_10_02,0.00264,{'TRSMU_02_10GEMM_05_10_02': 0.00264}
GEMM_13_11_04,GEMM_13_11_05,0.0050999999999999995,{'GEMM_13_11_04GEMM_13_11_05': 0.0050999999999999995}
TRSML_04_03,GEMM_04_10_03,0.00264,{'TRSML_04_03GEMM_04_10_03': 0.00264}
TRSML_04_03,GEMM_04_11_03,0.00264,{'TRSML_04_03GEMM_04_11_03': 0.00264}
TRSML_04_03,GEMM_04_14_03,0.00264,{'TRSML_04_03GEMM_04_14_03': 0.00264}
TRSML_04_03,GEMM_04_12_03,0.00264,{'TRSML_04_03GEMM_04_12_03': 0.00264}
TRSML_04_03,GEMM_04_07_03,0.00264,{'TRSML_04_03GEMM_04_07_03': 0.00264}
TRSML_04_03,GEMM_04_13_03,0.00264,{'TRSML_04_03GEMM_04_13_03': 0.00264}
TRSML_04_03,GEMM_04_09_03,0.00264,{'TRSML_04_03GEMM_04_09_03': 0.00264}
TRSML_04_03,GEMM_04_06_03,0.00264,{'TRSML_04_03GEMM_04_06_03': 0.00264}
TRSML_04_03,GEMM_04_05_03,0.00264,{'TRSML_04_03GEMM_04_05_03': 0.00264}
TRSML_04_03,GEMM_04_08_03,0.00264,{'TRSML_04_03GEMM_04_08_03': 0.00264}
TRSML_04_03,GEMM_04_04_03,0.00264,{'TRSML_04_03GEMM_04_04_03': 0.00264}
GEMM_13_11_06,GEMM_13_11_07,0.0050999999999999995,{'GEMM_13_11_06GEMM_13_11_07': 0.0050999999999999995}
GEMM_11_10_02,GEMM_11_10_03,0.0050999999999999995,{'GEMM_11_10_02GEMM_11_10_03': 0.0050999999999999995}
GEMM_13_11_00,GEMM_13_11_01,0.0050999999999999995,{'GEMM_13_11_00GEMM_13_11_01': 0.0050999999999999995}
GEMM_13_11_01,GEMM_13_11_02,0.0050999999999999995,{'GEMM_13_11_01GEMM_13_11_02': 0.0050999999999999995}
GEMM_13_11_02,GEMM_13_11_03,0.0050999999999999995,{'GEMM_13_11_02GEMM_13_11_03': 0.0050999999999999995}
TRSML_04_02,GEMM_04_03_02,0.00264,{'TRSML_04_02GEMM_04_03_02': 0.00264}
TRSML_04_02,GEMM_04_11_02,0.00264,{'TRSML_04_02GEMM_04_11_02': 0.00264}
TRSML_04_02,GEMM_04_10_02,0.00264,{'TRSML_04_02GEMM_04_10_02': 0.00264}
TRSML_04_02,GEMM_04_12_02,0.00264,{'TRSML_04_02GEMM_04_12_02': 0.00264}
TRSML_04_02,GEMM_04_07_02,0.00264,{'TRSML_04_02GEMM_04_07_02': 0.00264}
TRSML_04_02,GEMM_04_14_02,0.00264,{'TRSML_04_02GEMM_04_14_02': 0.00264}
TRSML_04_02,GEMM_04_13_02,0.00264,{'TRSML_04_02GEMM_04_13_02': 0.00264}
TRSML_04_02,GEMM_04_06_02,0.00264,{'TRSML_04_02GEMM_04_06_02': 0.00264}
TRSML_04_02,GEMM_04_09_02,0.00264,{'TRSML_04_02GEMM_04_09_02': 0.00264}
TRSML_04_02,GEMM_04_05_02,0.00264,{'TRSML_04_02GEMM_04_05_02': 0.00264}
TRSML_04_02,GEMM_04_08_02,0.00264,{'TRSML_04_02GEMM_04_08_02': 0.00264}
TRSML_04_02,GEMM_04_04_02,0.00264,{'TRSML_04_02GEMM_04_04_02': 0.00264}
GEMM_07_12_02,GEMM_07_12_03,0.0050999999999999995,{'GEMM_07_12_02GEMM_07_12_03': 0.0050999999999999995}
GEMM_07_12_03,GEMM_07_12_04,0.0050999999999999995,{'GEMM_07_12_03GEMM_07_12_04': 0.0050999999999999995}
GEMM_07_12_00,GEMM_07_12_01,0.0050999999999999995,{'GEMM_07_12_00GEMM_07_12_01': 0.0050999999999999995}
GEMM_07_12_01,GEMM_07_12_02,0.0050999999999999995,{'GEMM_07_12_01GEMM_07_12_02': 0.0050999999999999995}
GEMM_07_12_06,TRSMU_07_12,0.0050999999999999995,{'GEMM_07_12_06TRSMU_07_12': 0.0050999999999999995}
GEMM_11_08_02,GEMM_11_08_03,0.0050999999999999995,{'GEMM_11_08_02GEMM_11_08_03': 0.0050999999999999995}
GEMM_07_12_04,GEMM_07_12_05,0.0050999999999999995,{'GEMM_07_12_04GEMM_07_12_05': 0.0050999999999999995}
GEMM_07_12_05,GEMM_07_12_06,0.0050999999999999995,{'GEMM_07_12_05GEMM_07_12_06': 0.0050999999999999995}
GEMM_06_14_05,TRSMU_06_14,0.0050999999999999995,{'GEMM_06_14_05TRSMU_06_14': 0.0050999999999999995}
GEMM_08_12_01,GEMM_08_12_02,0.0050999999999999995,{'GEMM_08_12_01GEMM_08_12_02': 0.0050999999999999995}
GEMM_11_08_03,GEMM_11_08_04,0.0050999999999999995,{'GEMM_11_08_03GEMM_11_08_04': 0.0050999999999999995}
TRSMU_06_13,GEMM_07_13_06,0.00264,{'TRSMU_06_13GEMM_07_13_06': 0.00264}
TRSMU_06_13,GEMM_09_13_06,0.00264,{'TRSMU_06_13GEMM_09_13_06': 0.00264}
TRSMU_06_13,GEMM_14_13_06,0.00264,{'TRSMU_06_13GEMM_14_13_06': 0.00264}
TRSMU_06_13,GEMM_12_13_06,0.00264,{'TRSMU_06_13GEMM_12_13_06': 0.00264}
TRSMU_06_13,GEMM_11_13_06,0.00264,{'TRSMU_06_13GEMM_11_13_06': 0.00264}
TRSMU_06_13,GEMM_10_13_06,0.00264,{'TRSMU_06_13GEMM_10_13_06': 0.00264}
TRSMU_06_13,GEMM_08_13_06,0.00264,{'TRSMU_06_13GEMM_08_13_06': 0.00264}
TRSMU_06_13,GEMM_13_13_06,0.00264,{'TRSMU_06_13GEMM_13_13_06': 0.00264}
GEMM_04_10_03,TRSMU_04_10,0.0050999999999999995,{'GEMM_04_10_03TRSMU_04_10': 0.0050999999999999995}
GEMM_04_10_02,GEMM_04_10_03,0.0050999999999999995,{'GEMM_04_10_02GEMM_04_10_03': 0.0050999999999999995}
GEMM_04_10_01,GEMM_04_10_02,0.0050999999999999995,{'GEMM_04_10_01GEMM_04_10_02': 0.0050999999999999995}
GEMM_04_10_00,GEMM_04_10_01,0.0050999999999999995,{'GEMM_04_10_00GEMM_04_10_01': 0.0050999999999999995}
GEMM_05_05_03,GEMM_05_05_04,0.0050999999999999995,{'GEMM_05_05_03GEMM_05_05_04': 0.0050999999999999995}
GEMM_03_05_02,TRSMU_03_05,0.0050999999999999995,{'GEMM_03_05_02TRSMU_03_05': 0.0050999999999999995}
GEMM_03_05_00,GEMM_03_05_01,0.0050999999999999995,{'GEMM_03_05_00GEMM_03_05_01': 0.0050999999999999995}
GEMM_03_05_01,GEMM_03_05_02,0.0050999999999999995,{'GEMM_03_05_01GEMM_03_05_02': 0.0050999999999999995}
GEMM_08_12_00,GEMM_08_12_01,0.0050999999999999995,{'GEMM_08_12_00GEMM_08_12_01': 0.0050999999999999995}
TRSMU_03_07,GEMM_08_07_03,0.00264,{'TRSMU_03_07GEMM_08_07_03': 0.00264}
TRSMU_03_07,GEMM_05_07_03,0.00264,{'TRSMU_03_07GEMM_05_07_03': 0.00264}
TRSMU_03_07,GEMM_07_07_03,0.00264,{'TRSMU_03_07GEMM_07_07_03': 0.00264}
TRSMU_03_07,GEMM_14_07_03,0.00264,{'TRSMU_03_07GEMM_14_07_03': 0.00264}
TRSMU_03_07,GEMM_04_07_03,0.00264,{'TRSMU_03_07GEMM_04_07_03': 0.00264}
TRSMU_03_07,GEMM_12_07_03,0.00264,{'TRSMU_03_07GEMM_12_07_03': 0.00264}
TRSMU_03_07,GEMM_06_07_03,0.00264,{'TRSMU_03_07GEMM_06_07_03': 0.00264}
TRSMU_03_07,GEMM_10_07_03,0.00264,{'TRSMU_03_07GEMM_10_07_03': 0.00264}
TRSMU_03_07,GEMM_13_07_03,0.00264,{'TRSMU_03_07GEMM_13_07_03': 0.00264}
TRSMU_03_07,GEMM_11_07_03,0.00264,{'TRSMU_03_07GEMM_11_07_03': 0.00264}
TRSMU_03_07,GEMM_09_07_03,0.00264,{'TRSMU_03_07GEMM_09_07_03': 0.00264}
GEMM_03_08_01,GEMM_03_08_02,0.0050999999999999995,{'GEMM_03_08_01GEMM_03_08_02': 0.0050999999999999995}
GEMM_03_08_00,GEMM_03_08_01,0.0050999999999999995,{'GEMM_03_08_00GEMM_03_08_01': 0.0050999999999999995}
GEMM_06_12_05,TRSMU_06_12,0.0050999999999999995,{'GEMM_06_12_05TRSMU_06_12': 0.0050999999999999995}
GEMM_03_08_02,TRSMU_03_08,0.0050999999999999995,{'GEMM_03_08_02TRSMU_03_08': 0.0050999999999999995}
GEMM_01_05_00,TRSMU_01_05,0.0050999999999999995,{'GEMM_01_05_00TRSMU_01_05': 0.0050999999999999995}
GEMM_06_12_02,GEMM_06_12_03,0.0050999999999999995,{'GEMM_06_12_02GEMM_06_12_03': 0.0050999999999999995}
GEMM_06_12_01,GEMM_06_12_02,0.0050999999999999995,{'GEMM_06_12_01GEMM_06_12_02': 0.0050999999999999995}
GEMM_06_12_00,GEMM_06_12_01,0.0050999999999999995,{'GEMM_06_12_00GEMM_06_12_01': 0.0050999999999999995}
GEMM_10_14_04,GEMM_10_14_05,0.0050999999999999995,{'GEMM_10_14_04GEMM_10_14_05': 0.0050999999999999995}
GEMM_13_11_08,GEMM_13_11_09,0.0050999999999999995,{'GEMM_13_11_08GEMM_13_11_09': 0.0050999999999999995}
GEMM_13_14_09,GEMM_13_14_10,0.0050999999999999995,{'GEMM_13_14_09GEMM_13_14_10': 0.0050999999999999995}
GEMM_14_10_09,TRSML_14_10,0.0050999999999999995,{'GEMM_14_10_09TRSML_14_10': 0.0050999999999999995}
GEMM_03_03_00,GEMM_03_03_01,0.0050999999999999995,{'GEMM_03_03_00GEMM_03_03_01': 0.0050999999999999995}
GEMM_03_03_01,GEMM_03_03_02,0.0050999999999999995,{'GEMM_03_03_01GEMM_03_03_02': 0.0050999999999999995}
GEMM_03_03_02,GETRF_03,0.0050999999999999995,{'GEMM_03_03_02GETRF_03': 0.0050999999999999995}
GEMM_02_11_00,GEMM_02_11_01,0.0050999999999999995,{'GEMM_02_11_00GEMM_02_11_01': 0.0050999999999999995}
TRSMU_04_06,GEMM_08_06_04,0.00264,{'TRSMU_04_06GEMM_08_06_04': 0.00264}
TRSMU_04_06,GEMM_12_06_04,0.00264,{'TRSMU_04_06GEMM_12_06_04': 0.00264}
TRSMU_04_06,GEMM_14_06_04,0.00264,{'TRSMU_04_06GEMM_14_06_04': 0.00264}
TRSMU_04_06,GEMM_07_06_04,0.00264,{'TRSMU_04_06GEMM_07_06_04': 0.00264}
TRSMU_04_06,GEMM_10_06_04,0.00264,{'TRSMU_04_06GEMM_10_06_04': 0.00264}
TRSMU_04_06,GEMM_06_06_04,0.00264,{'TRSMU_04_06GEMM_06_06_04': 0.00264}
TRSMU_04_06,GEMM_09_06_04,0.00264,{'TRSMU_04_06GEMM_09_06_04': 0.00264}
TRSMU_04_06,GEMM_05_06_04,0.00264,{'TRSMU_04_06GEMM_05_06_04': 0.00264}
TRSMU_04_06,GEMM_11_06_04,0.00264,{'TRSMU_04_06GEMM_11_06_04': 0.00264}
TRSMU_04_06,GEMM_13_06_04,0.00264,{'TRSMU_04_06GEMM_13_06_04': 0.00264}
TRSMU_04_07,GEMM_07_07_04,0.00264,{'TRSMU_04_07GEMM_07_07_04': 0.00264}
TRSMU_04_07,GEMM_05_07_04,0.00264,{'TRSMU_04_07GEMM_05_07_04': 0.00264}
TRSMU_04_07,GEMM_08_07_04,0.00264,{'TRSMU_04_07GEMM_08_07_04': 0.00264}
TRSMU_04_07,GEMM_10_07_04,0.00264,{'TRSMU_04_07GEMM_10_07_04': 0.00264}
TRSMU_04_07,GEMM_06_07_04,0.00264,{'TRSMU_04_07GEMM_06_07_04': 0.00264}
TRSMU_04_07,GEMM_12_07_04,0.00264,{'TRSMU_04_07GEMM_12_07_04': 0.00264}
TRSMU_04_07,GEMM_14_07_04,0.00264,{'TRSMU_04_07GEMM_14_07_04': 0.00264}
TRSMU_04_07,GEMM_11_07_04,0.00264,{'TRSMU_04_07GEMM_11_07_04': 0.00264}
TRSMU_04_07,GEMM_13_07_04,0.00264,{'TRSMU_04_07GEMM_13_07_04': 0.00264}
TRSMU_04_07,GEMM_09_07_04,0.00264,{'TRSMU_04_07GEMM_09_07_04': 0.00264}
GEMM_13_10_09,TRSML_13_10,0.0050999999999999995,{'GEMM_13_10_09TRSML_13_10': 0.0050999999999999995}
GEMM_02_11_01,TRSMU_02_11,0.0050999999999999995,{'GEMM_02_11_01TRSMU_02_11': 0.0050999999999999995}
GEMM_12_11_08,GEMM_12_11_09,0.0050999999999999995,{'GEMM_12_11_08GEMM_12_11_09': 0.0050999999999999995}
GEMM_03_11_02,TRSMU_03_11,0.0050999999999999995,{'GEMM_03_11_02TRSMU_03_11': 0.0050999999999999995}
GEMM_03_11_01,GEMM_03_11_02,0.0050999999999999995,{'GEMM_03_11_01GEMM_03_11_02': 0.0050999999999999995}
GEMM_03_11_00,GEMM_03_11_01,0.0050999999999999995,{'GEMM_03_11_00GEMM_03_11_01': 0.0050999999999999995}
GEMM_13_10_03,GEMM_13_10_04,0.0050999999999999995,{'GEMM_13_10_03GEMM_13_10_04': 0.0050999999999999995}
GEMM_01_06_00,TRSMU_01_06,0.0050999999999999995,{'GEMM_01_06_00TRSMU_01_06': 0.0050999999999999995}
GEMM_13_10_01,GEMM_13_10_02,0.0050999999999999995,{'GEMM_13_10_01GEMM_13_10_02': 0.0050999999999999995}
GEMM_13_10_00,GEMM_13_10_01,0.0050999999999999995,{'GEMM_13_10_00GEMM_13_10_01': 0.0050999999999999995}
GEMM_13_10_07,GEMM_13_10_08,0.0050999999999999995,{'GEMM_13_10_07GEMM_13_10_08': 0.0050999999999999995}
GEMM_13_10_06,GEMM_13_10_07,0.0050999999999999995,{'GEMM_13_10_06GEMM_13_10_07': 0.0050999999999999995}
TRSMU_04_08,GEMM_08_08_04,0.00264,{'TRSMU_04_08GEMM_08_08_04': 0.00264}
TRSMU_04_08,GEMM_05_08_04,0.00264,{'TRSMU_04_08GEMM_05_08_04': 0.00264}
TRSMU_04_08,GEMM_11_08_04,0.00264,{'TRSMU_04_08GEMM_11_08_04': 0.00264}
TRSMU_04_08,GEMM_09_08_04,0.00264,{'TRSMU_04_08GEMM_09_08_04': 0.00264}
TRSMU_04_08,GEMM_06_08_04,0.00264,{'TRSMU_04_08GEMM_06_08_04': 0.00264}
TRSMU_04_08,GEMM_10_08_04,0.00264,{'TRSMU_04_08GEMM_10_08_04': 0.00264}
TRSMU_04_08,GEMM_13_08_04,0.00264,{'TRSMU_04_08GEMM_13_08_04': 0.00264}
TRSMU_04_08,GEMM_07_08_04,0.00264,{'TRSMU_04_08GEMM_07_08_04': 0.00264}
TRSMU_04_08,GEMM_14_08_04,0.00264,{'TRSMU_04_08GEMM_14_08_04': 0.00264}
TRSMU_04_08,GEMM_12_08_04,0.00264,{'TRSMU_04_08GEMM_12_08_04': 0.00264}
TRSMU_04_09,GEMM_05_09_04,0.00264,{'TRSMU_04_09GEMM_05_09_04': 0.00264}
TRSMU_04_09,GEMM_07_09_04,0.00264,{'TRSMU_04_09GEMM_07_09_04': 0.00264}
TRSMU_04_09,GEMM_14_09_04,0.00264,{'TRSMU_04_09GEMM_14_09_04': 0.00264}
TRSMU_04_09,GEMM_13_09_04,0.00264,{'TRSMU_04_09GEMM_13_09_04': 0.00264}
TRSMU_04_09,GEMM_11_09_04,0.00264,{'TRSMU_04_09GEMM_11_09_04': 0.00264}
TRSMU_04_09,GEMM_09_09_04,0.00264,{'TRSMU_04_09GEMM_09_09_04': 0.00264}
TRSMU_04_09,GEMM_06_09_04,0.00264,{'TRSMU_04_09GEMM_06_09_04': 0.00264}
TRSMU_04_09,GEMM_12_09_04,0.00264,{'TRSMU_04_09GEMM_12_09_04': 0.00264}
TRSMU_04_09,GEMM_08_09_04,0.00264,{'TRSMU_04_09GEMM_08_09_04': 0.00264}
TRSMU_04_09,GEMM_10_09_04,0.00264,{'TRSMU_04_09GEMM_10_09_04': 0.00264}
GEMM_07_14_00,GEMM_07_14_01,0.0050999999999999995,{'GEMM_07_14_00GEMM_07_14_01': 0.0050999999999999995}
GEMM_07_14_01,GEMM_07_14_02,0.0050999999999999995,{'GEMM_07_14_01GEMM_07_14_02': 0.0050999999999999995}
GEMM_07_14_02,GEMM_07_14_03,0.0050999999999999995,{'GEMM_07_14_02GEMM_07_14_03': 0.0050999999999999995}
GEMM_07_14_03,GEMM_07_14_04,0.0050999999999999995,{'GEMM_07_14_03GEMM_07_14_04': 0.0050999999999999995}
GEMM_09_13_03,GEMM_09_13_04,0.0050999999999999995,{'GEMM_09_13_03GEMM_09_13_04': 0.0050999999999999995}
GEMM_09_13_02,GEMM_09_13_03,0.0050999999999999995,{'GEMM_09_13_02GEMM_09_13_03': 0.0050999999999999995}
GEMM_09_13_01,GEMM_09_13_02,0.0050999999999999995,{'GEMM_09_13_01GEMM_09_13_02': 0.0050999999999999995}
GEMM_09_13_00,GEMM_09_13_01,0.0050999999999999995,{'GEMM_09_13_00GEMM_09_13_01': 0.0050999999999999995}
GEMM_09_11_05,GEMM_09_11_06,0.0050999999999999995,{'GEMM_09_11_05GEMM_09_11_06': 0.0050999999999999995}
GEMM_09_11_04,GEMM_09_11_05,0.0050999999999999995,{'GEMM_09_11_04GEMM_09_11_05': 0.0050999999999999995}
GEMM_09_11_07,GEMM_09_11_08,0.0050999999999999995,{'GEMM_09_11_07GEMM_09_11_08': 0.0050999999999999995}
GEMM_09_11_06,GEMM_09_11_07,0.0050999999999999995,{'GEMM_09_11_06GEMM_09_11_07': 0.0050999999999999995}
GEMM_09_11_01,GEMM_09_11_02,0.0050999999999999995,{'GEMM_09_11_01GEMM_09_11_02': 0.0050999999999999995}
GEMM_09_11_00,GEMM_09_11_01,0.0050999999999999995,{'GEMM_09_11_00GEMM_09_11_01': 0.0050999999999999995}
GEMM_09_11_03,GEMM_09_11_04,0.0050999999999999995,{'GEMM_09_11_03GEMM_09_11_04': 0.0050999999999999995}
GEMM_09_11_02,GEMM_09_11_03,0.0050999999999999995,{'GEMM_09_11_02GEMM_09_11_03': 0.0050999999999999995}
GEMM_03_01_00,TRSML_03_01,0.0050999999999999995,{'GEMM_03_01_00TRSML_03_01': 0.0050999999999999995}
TRSML_13_04,GEMM_13_14_04,0.00264,{'TRSML_13_04GEMM_13_14_04': 0.00264}
TRSML_13_04,GEMM_13_11_04,0.00264,{'TRSML_13_04GEMM_13_11_04': 0.00264}
TRSML_13_04,GEMM_13_09_04,0.00264,{'TRSML_13_04GEMM_13_09_04': 0.00264}
TRSML_13_04,GEMM_13_10_04,0.00264,{'TRSML_13_04GEMM_13_10_04': 0.00264}
TRSML_13_04,GEMM_13_07_04,0.00264,{'TRSML_13_04GEMM_13_07_04': 0.00264}
TRSML_13_04,GEMM_13_12_04,0.00264,{'TRSML_13_04GEMM_13_12_04': 0.00264}
TRSML_13_04,GEMM_13_08_04,0.00264,{'TRSML_13_04GEMM_13_08_04': 0.00264}
TRSML_13_04,GEMM_13_05_04,0.00264,{'TRSML_13_04GEMM_13_05_04': 0.00264}
TRSML_13_04,GEMM_13_06_04,0.00264,{'TRSML_13_04GEMM_13_06_04': 0.00264}
TRSML_13_04,GEMM_13_13_04,0.00264,{'TRSML_13_04GEMM_13_13_04': 0.00264}
GEMM_07_13_01,GEMM_07_13_02,0.0050999999999999995,{'GEMM_07_13_01GEMM_07_13_02': 0.0050999999999999995}
GEMM_07_13_00,GEMM_07_13_01,0.0050999999999999995,{'GEMM_07_13_00GEMM_07_13_01': 0.0050999999999999995}
GEMM_07_13_03,GEMM_07_13_04,0.0050999999999999995,{'GEMM_07_13_03GEMM_07_13_04': 0.0050999999999999995}
GEMM_07_13_02,GEMM_07_13_03,0.0050999999999999995,{'GEMM_07_13_02GEMM_07_13_03': 0.0050999999999999995}
GEMM_07_13_05,GEMM_07_13_06,0.0050999999999999995,{'GEMM_07_13_05GEMM_07_13_06': 0.0050999999999999995}
GEMM_07_13_04,GEMM_07_13_05,0.0050999999999999995,{'GEMM_07_13_04GEMM_07_13_05': 0.0050999999999999995}
GEMM_07_02_01,TRSML_07_02,0.0050999999999999995,{'GEMM_07_02_01TRSML_07_02': 0.0050999999999999995}
GEMM_07_02_00,GEMM_07_02_01,0.0050999999999999995,{'GEMM_07_02_00GEMM_07_02_01': 0.0050999999999999995}
GEMM_13_12_01,GEMM_13_12_02,0.0050999999999999995,{'GEMM_13_12_01GEMM_13_12_02': 0.0050999999999999995}
GEMM_13_12_00,GEMM_13_12_01,0.0050999999999999995,{'GEMM_13_12_00GEMM_13_12_01': 0.0050999999999999995}
GEMM_13_12_03,GEMM_13_12_04,0.0050999999999999995,{'GEMM_13_12_03GEMM_13_12_04': 0.0050999999999999995}
GEMM_13_12_02,GEMM_13_12_03,0.0050999999999999995,{'GEMM_13_12_02GEMM_13_12_03': 0.0050999999999999995}
GEMM_13_12_05,GEMM_13_12_06,0.0050999999999999995,{'GEMM_13_12_05GEMM_13_12_06': 0.0050999999999999995}
GEMM_14_04_03,TRSML_14_04,0.0050999999999999995,{'GEMM_14_04_03TRSML_14_04': 0.0050999999999999995}
GEMM_13_12_07,GEMM_13_12_08,0.0050999999999999995,{'GEMM_13_12_07GEMM_13_12_08': 0.0050999999999999995}
GEMM_01_08_00,TRSMU_01_08,0.0050999999999999995,{'GEMM_01_08_00TRSMU_01_08': 0.0050999999999999995}
GEMM_13_12_09,GEMM_13_12_10,0.0050999999999999995,{'GEMM_13_12_09GEMM_13_12_10': 0.0050999999999999995}
GEMM_13_12_08,GEMM_13_12_09,0.0050999999999999995,{'GEMM_13_12_08GEMM_13_12_09': 0.0050999999999999995}
GEMM_14_04_02,GEMM_14_04_03,0.0050999999999999995,{'GEMM_14_04_02GEMM_14_04_03': 0.0050999999999999995}
GEMM_10_12_07,GEMM_10_12_08,0.0050999999999999995,{'GEMM_10_12_07GEMM_10_12_08': 0.0050999999999999995}
GEMM_09_11_08,TRSMU_09_11,0.0050999999999999995,{'GEMM_09_11_08TRSMU_09_11': 0.0050999999999999995}
TRSML_13_05,GEMM_13_11_05,0.00264,{'TRSML_13_05GEMM_13_11_05': 0.00264}
TRSML_13_05,GEMM_13_09_05,0.00264,{'TRSML_13_05GEMM_13_09_05': 0.00264}
TRSML_13_05,GEMM_13_14_05,0.00264,{'TRSML_13_05GEMM_13_14_05': 0.00264}
TRSML_13_05,GEMM_13_10_05,0.00264,{'TRSML_13_05GEMM_13_10_05': 0.00264}
TRSML_13_05,GEMM_13_07_05,0.00264,{'TRSML_13_05GEMM_13_07_05': 0.00264}
TRSML_13_05,GEMM_13_12_05,0.00264,{'TRSML_13_05GEMM_13_12_05': 0.00264}
TRSML_13_05,GEMM_13_08_05,0.00264,{'TRSML_13_05GEMM_13_08_05': 0.00264}
TRSML_13_05,GEMM_13_06_05,0.00264,{'TRSML_13_05GEMM_13_06_05': 0.00264}
TRSML_13_05,GEMM_13_13_05,0.00264,{'TRSML_13_05GEMM_13_13_05': 0.00264}
TRSML_13_03,GEMM_13_14_03,0.00264,{'TRSML_13_03GEMM_13_14_03': 0.00264}
TRSML_13_03,GEMM_13_04_03,0.00264,{'TRSML_13_03GEMM_13_04_03': 0.00264}
TRSML_13_03,GEMM_13_10_03,0.00264,{'TRSML_13_03GEMM_13_10_03': 0.00264}
TRSML_13_03,GEMM_13_09_03,0.00264,{'TRSML_13_03GEMM_13_09_03': 0.00264}
TRSML_13_03,GEMM_13_11_03,0.00264,{'TRSML_13_03GEMM_13_11_03': 0.00264}
TRSML_13_03,GEMM_13_08_03,0.00264,{'TRSML_13_03GEMM_13_08_03': 0.00264}
TRSML_13_03,GEMM_13_12_03,0.00264,{'TRSML_13_03GEMM_13_12_03': 0.00264}
TRSML_13_03,GEMM_13_07_03,0.00264,{'TRSML_13_03GEMM_13_07_03': 0.00264}
TRSML_13_03,GEMM_13_13_03,0.00264,{'TRSML_13_03GEMM_13_13_03': 0.00264}
TRSML_13_03,GEMM_13_06_03,0.00264,{'TRSML_13_03GEMM_13_06_03': 0.00264}
TRSML_13_03,GEMM_13_05_03,0.00264,{'TRSML_13_03GEMM_13_05_03': 0.00264}
GEMM_10_11_09,TRSMU_10_11,0.0050999999999999995,{'GEMM_10_11_09TRSMU_10_11': 0.0050999999999999995}
GEMM_02_05_01,TRSMU_02_05,0.0050999999999999995,{'GEMM_02_05_01TRSMU_02_05': 0.0050999999999999995}
TRSMU_05_09,GEMM_07_09_05,0.00264,{'TRSMU_05_09GEMM_07_09_05': 0.00264}
TRSMU_05_09,GEMM_14_09_05,0.00264,{'TRSMU_05_09GEMM_14_09_05': 0.00264}
TRSMU_05_09,GEMM_13_09_05,0.00264,{'TRSMU_05_09GEMM_13_09_05': 0.00264}
TRSMU_05_09,GEMM_11_09_05,0.00264,{'TRSMU_05_09GEMM_11_09_05': 0.00264}
TRSMU_05_09,GEMM_09_09_05,0.00264,{'TRSMU_05_09GEMM_09_09_05': 0.00264}
TRSMU_05_09,GEMM_06_09_05,0.00264,{'TRSMU_05_09GEMM_06_09_05': 0.00264}
TRSMU_05_09,GEMM_08_09_05,0.00264,{'TRSMU_05_09GEMM_08_09_05': 0.00264}
TRSMU_05_09,GEMM_12_09_05,0.00264,{'TRSMU_05_09GEMM_12_09_05': 0.00264}
TRSMU_05_09,GEMM_10_09_05,0.00264,{'TRSMU_05_09GEMM_10_09_05': 0.00264}
TRSMU_05_08,GEMM_08_08_05,0.00264,{'TRSMU_05_08GEMM_08_08_05': 0.00264}
TRSMU_05_08,GEMM_11_08_05,0.00264,{'TRSMU_05_08GEMM_11_08_05': 0.00264}
TRSMU_05_08,GEMM_09_08_05,0.00264,{'TRSMU_05_08GEMM_09_08_05': 0.00264}
TRSMU_05_08,GEMM_10_08_05,0.00264,{'TRSMU_05_08GEMM_10_08_05': 0.00264}
TRSMU_05_08,GEMM_06_08_05,0.00264,{'TRSMU_05_08GEMM_06_08_05': 0.00264}
TRSMU_05_08,GEMM_13_08_05,0.00264,{'TRSMU_05_08GEMM_13_08_05': 0.00264}
TRSMU_05_08,GEMM_07_08_05,0.00264,{'TRSMU_05_08GEMM_07_08_05': 0.00264}
TRSMU_05_08,GEMM_14_08_05,0.00264,{'TRSMU_05_08GEMM_14_08_05': 0.00264}
TRSMU_05_08,GEMM_12_08_05,0.00264,{'TRSMU_05_08GEMM_12_08_05': 0.00264}
GEMM_13_13_08,GEMM_13_13_09,0.0050999999999999995,{'GEMM_13_13_08GEMM_13_13_09': 0.0050999999999999995}
GEMM_13_08_01,GEMM_13_08_02,0.0050999999999999995,{'GEMM_13_08_01GEMM_13_08_02': 0.0050999999999999995}
GEMM_11_13_05,GEMM_11_13_06,0.0050999999999999995,{'GEMM_11_13_05GEMM_11_13_06': 0.0050999999999999995}
GEMM_13_13_02,GEMM_13_13_03,0.0050999999999999995,{'GEMM_13_13_02GEMM_13_13_03': 0.0050999999999999995}
GEMM_13_13_03,GEMM_13_13_04,0.0050999999999999995,{'GEMM_13_13_03GEMM_13_13_04': 0.0050999999999999995}
GEMM_13_13_00,GEMM_13_13_01,0.0050999999999999995,{'GEMM_13_13_00GEMM_13_13_01': 0.0050999999999999995}
GEMM_13_13_01,GEMM_13_13_02,0.0050999999999999995,{'GEMM_13_13_01GEMM_13_13_02': 0.0050999999999999995}
GEMM_13_13_06,GEMM_13_13_07,0.0050999999999999995,{'GEMM_13_13_06GEMM_13_13_07': 0.0050999999999999995}
GEMM_09_12_07,GEMM_09_12_08,0.0050999999999999995,{'GEMM_09_12_07GEMM_09_12_08': 0.0050999999999999995}
GEMM_13_13_04,GEMM_13_13_05,0.0050999999999999995,{'GEMM_13_13_04GEMM_13_13_05': 0.0050999999999999995}
TRSMU_05_06,GEMM_12_06_05,0.00264,{'TRSMU_05_06GEMM_12_06_05': 0.00264}
TRSMU_05_06,GEMM_08_06_05,0.00264,{'TRSMU_05_06GEMM_08_06_05': 0.00264}
TRSMU_05_06,GEMM_14_06_05,0.00264,{'TRSMU_05_06GEMM_14_06_05': 0.00264}
TRSMU_05_06,GEMM_07_06_05,0.00264,{'TRSMU_05_06GEMM_07_06_05': 0.00264}
TRSMU_05_06,GEMM_10_06_05,0.00264,{'TRSMU_05_06GEMM_10_06_05': 0.00264}
TRSMU_05_06,GEMM_06_06_05,0.00264,{'TRSMU_05_06GEMM_06_06_05': 0.00264}
TRSMU_05_06,GEMM_09_06_05,0.00264,{'TRSMU_05_06GEMM_09_06_05': 0.00264}
TRSMU_05_06,GEMM_11_06_05,0.00264,{'TRSMU_05_06GEMM_11_06_05': 0.00264}
TRSMU_05_06,GEMM_13_06_05,0.00264,{'TRSMU_05_06GEMM_13_06_05': 0.00264}
GEMM_12_13_02,GEMM_12_13_03,0.0050999999999999995,{'GEMM_12_13_02GEMM_12_13_03': 0.0050999999999999995}
TRSML_13_02,GEMM_13_04_02,0.00264,{'TRSML_13_02GEMM_13_04_02': 0.00264}
TRSML_13_02,GEMM_13_03_02,0.00264,{'TRSML_13_02GEMM_13_03_02': 0.00264}
TRSML_13_02,GEMM_13_09_02,0.00264,{'TRSML_13_02GEMM_13_09_02': 0.00264}
TRSML_13_02,GEMM_13_11_02,0.00264,{'TRSML_13_02GEMM_13_11_02': 0.00264}
TRSML_13_02,GEMM_13_08_02,0.00264,{'TRSML_13_02GEMM_13_08_02': 0.00264}
TRSML_13_02,GEMM_13_12_02,0.00264,{'TRSML_13_02GEMM_13_12_02': 0.00264}
TRSML_13_02,GEMM_13_07_02,0.00264,{'TRSML_13_02GEMM_13_07_02': 0.00264}
TRSML_13_02,GEMM_13_14_02,0.00264,{'TRSML_13_02GEMM_13_14_02': 0.00264}
TRSML_13_02,GEMM_13_10_02,0.00264,{'TRSML_13_02GEMM_13_10_02': 0.00264}
TRSML_13_02,GEMM_13_13_02,0.00264,{'TRSML_13_02GEMM_13_13_02': 0.00264}
TRSML_13_02,GEMM_13_06_02,0.00264,{'TRSML_13_02GEMM_13_06_02': 0.00264}
TRSML_13_02,GEMM_13_05_02,0.00264,{'TRSML_13_02GEMM_13_05_02': 0.00264}
GEMM_14_13_10,GEMM_14_13_11,0.0050999999999999995,{'GEMM_14_13_10GEMM_14_13_11': 0.0050999999999999995}
GEMM_10_11_08,GEMM_10_11_09,0.0050999999999999995,{'GEMM_10_11_08GEMM_10_11_09': 0.0050999999999999995}
GEMM_07_04_01,GEMM_07_04_02,0.0050999999999999995,{'GEMM_07_04_01GEMM_07_04_02': 0.0050999999999999995}
GEMM_07_04_00,GEMM_07_04_01,0.0050999999999999995,{'GEMM_07_04_00GEMM_07_04_01': 0.0050999999999999995}
GEMM_07_04_03,TRSML_07_04,0.0050999999999999995,{'GEMM_07_04_03TRSML_07_04': 0.0050999999999999995}
GEMM_07_04_02,GEMM_07_04_03,0.0050999999999999995,{'GEMM_07_04_02GEMM_07_04_03': 0.0050999999999999995}
GEMM_09_08_03,GEMM_09_08_04,0.0050999999999999995,{'GEMM_09_08_03GEMM_09_08_04': 0.0050999999999999995}
GEMM_09_08_02,GEMM_09_08_03,0.0050999999999999995,{'GEMM_09_08_02GEMM_09_08_03': 0.0050999999999999995}
GEMM_09_08_01,GEMM_09_08_02,0.0050999999999999995,{'GEMM_09_08_01GEMM_09_08_02': 0.0050999999999999995}
GEMM_09_08_00,GEMM_09_08_01,0.0050999999999999995,{'GEMM_09_08_00GEMM_09_08_01': 0.0050999999999999995}
GEMM_04_09_01,GEMM_04_09_02,0.0050999999999999995,{'GEMM_04_09_01GEMM_04_09_02': 0.0050999999999999995}
GEMM_04_09_00,GEMM_04_09_01,0.0050999999999999995,{'GEMM_04_09_00GEMM_04_09_01': 0.0050999999999999995}
GEMM_04_09_03,TRSMU_04_09,0.0050999999999999995,{'GEMM_04_09_03TRSMU_04_09': 0.0050999999999999995}
GEMM_04_09_02,GEMM_04_09_03,0.0050999999999999995,{'GEMM_04_09_02GEMM_04_09_03': 0.0050999999999999995}
GEMM_09_10_05,GEMM_09_10_06,0.0050999999999999995,{'GEMM_09_10_05GEMM_09_10_06': 0.0050999999999999995}
GEMM_11_13_06,GEMM_11_13_07,0.0050999999999999995,{'GEMM_11_13_06GEMM_11_13_07': 0.0050999999999999995}
GEMM_08_09_04,GEMM_08_09_05,0.0050999999999999995,{'GEMM_08_09_04GEMM_08_09_05': 0.0050999999999999995}
GEMM_10_12_05,GEMM_10_12_06,0.0050999999999999995,{'GEMM_10_12_05GEMM_10_12_06': 0.0050999999999999995}
GEMM_08_09_07,TRSMU_08_09,0.0050999999999999995,{'GEMM_08_09_07TRSMU_08_09': 0.0050999999999999995}
GEMM_10_14_05,GEMM_10_14_06,0.0050999999999999995,{'GEMM_10_14_05GEMM_10_14_06': 0.0050999999999999995}
GEMM_13_11_09,GEMM_13_11_10,0.0050999999999999995,{'GEMM_13_11_09GEMM_13_11_10': 0.0050999999999999995}
TRSMU_08_09,GEMM_13_09_08,0.00264,{'TRSMU_08_09GEMM_13_09_08': 0.00264}
TRSMU_08_09,GEMM_11_09_08,0.00264,{'TRSMU_08_09GEMM_11_09_08': 0.00264}
TRSMU_08_09,GEMM_14_09_08,0.00264,{'TRSMU_08_09GEMM_14_09_08': 0.00264}
TRSMU_08_09,GEMM_12_09_08,0.00264,{'TRSMU_08_09GEMM_12_09_08': 0.00264}
TRSMU_08_09,GEMM_10_09_08,0.00264,{'TRSMU_08_09GEMM_10_09_08': 0.00264}
TRSMU_08_09,GEMM_09_09_08,0.00264,{'TRSMU_08_09GEMM_09_09_08': 0.00264}
GEMM_12_11_09,GEMM_12_11_10,0.0050999999999999995,{'GEMM_12_11_09GEMM_12_11_10': 0.0050999999999999995}
GEMM_05_14_04,TRSMU_05_14,0.0050999999999999995,{'GEMM_05_14_04TRSMU_05_14': 0.0050999999999999995}
GEMM_08_13_05,GEMM_08_13_06,0.0050999999999999995,{'GEMM_08_13_05GEMM_08_13_06': 0.0050999999999999995}
GEMM_05_14_02,GEMM_05_14_03,0.0050999999999999995,{'GEMM_05_14_02GEMM_05_14_03': 0.0050999999999999995}
GEMM_05_14_03,GEMM_05_14_04,0.0050999999999999995,{'GEMM_05_14_03GEMM_05_14_04': 0.0050999999999999995}
GEMM_05_14_00,GEMM_05_14_01,0.0050999999999999995,{'GEMM_05_14_00GEMM_05_14_01': 0.0050999999999999995}
GEMM_05_14_01,GEMM_05_14_02,0.0050999999999999995,{'GEMM_05_14_01GEMM_05_14_02': 0.0050999999999999995}
TRSMU_11_13,GEMM_13_13_11,0.00264,{'TRSMU_11_13GEMM_13_13_11': 0.00264}
TRSMU_11_13,GEMM_12_13_11,0.00264,{'TRSMU_11_13GEMM_12_13_11': 0.00264}
TRSMU_11_13,GEMM_14_13_11,0.00264,{'TRSMU_11_13GEMM_14_13_11': 0.00264}
GEMM_14_08_05,GEMM_14_08_06,0.0050999999999999995,{'GEMM_14_08_05GEMM_14_08_06': 0.0050999999999999995}
TRSMU_07_09,GEMM_14_09_07,0.00264,{'TRSMU_07_09GEMM_14_09_07': 0.00264}
TRSMU_07_09,GEMM_11_09_07,0.00264,{'TRSMU_07_09GEMM_11_09_07': 0.00264}
TRSMU_07_09,GEMM_13_09_07,0.00264,{'TRSMU_07_09GEMM_13_09_07': 0.00264}
TRSMU_07_09,GEMM_09_09_07,0.00264,{'TRSMU_07_09GEMM_09_09_07': 0.00264}
TRSMU_07_09,GEMM_10_09_07,0.00264,{'TRSMU_07_09GEMM_10_09_07': 0.00264}
TRSMU_07_09,GEMM_08_09_07,0.00264,{'TRSMU_07_09GEMM_08_09_07': 0.00264}
TRSMU_07_09,GEMM_12_09_07,0.00264,{'TRSMU_07_09GEMM_12_09_07': 0.00264}
TRSMU_07_08,GEMM_08_08_07,0.00264,{'TRSMU_07_08GEMM_08_08_07': 0.00264}
TRSMU_07_08,GEMM_09_08_07,0.00264,{'TRSMU_07_08GEMM_09_08_07': 0.00264}
TRSMU_07_08,GEMM_11_08_07,0.00264,{'TRSMU_07_08GEMM_11_08_07': 0.00264}
TRSMU_07_08,GEMM_10_08_07,0.00264,{'TRSMU_07_08GEMM_10_08_07': 0.00264}
TRSMU_07_08,GEMM_13_08_07,0.00264,{'TRSMU_07_08GEMM_13_08_07': 0.00264}
TRSMU_07_08,GEMM_12_08_07,0.00264,{'TRSMU_07_08GEMM_12_08_07': 0.00264}
TRSMU_07_08,GEMM_14_08_07,0.00264,{'TRSMU_07_08GEMM_14_08_07': 0.00264}
GEMM_14_08_04,GEMM_14_08_05,0.0050999999999999995,{'GEMM_14_08_04GEMM_14_08_05': 0.0050999999999999995}
GEMM_09_09_00,GEMM_09_09_01,0.0050999999999999995,{'GEMM_09_09_00GEMM_09_09_01': 0.0050999999999999995}
GEMM_09_09_01,GEMM_09_09_02,0.0050999999999999995,{'GEMM_09_09_01GEMM_09_09_02': 0.0050999999999999995}
GEMM_01_07_00,TRSMU_01_07,0.0050999999999999995,{'GEMM_01_07_00TRSMU_01_07': 0.0050999999999999995}
GEMM_09_09_03,GEMM_09_09_04,0.0050999999999999995,{'GEMM_09_09_03GEMM_09_09_04': 0.0050999999999999995}
GEMM_09_09_04,GEMM_09_09_05,0.0050999999999999995,{'GEMM_09_09_04GEMM_09_09_05': 0.0050999999999999995}
GEMM_09_09_05,GEMM_09_09_06,0.0050999999999999995,{'GEMM_09_09_05GEMM_09_09_06': 0.0050999999999999995}
GEMM_09_09_06,GEMM_09_09_07,0.0050999999999999995,{'GEMM_09_09_06GEMM_09_09_07': 0.0050999999999999995}
GEMM_13_11_05,GEMM_13_11_06,0.0050999999999999995,{'GEMM_13_11_05GEMM_13_11_06': 0.0050999999999999995}
GEMM_09_12_00,GEMM_09_12_01,0.0050999999999999995,{'GEMM_09_12_00GEMM_09_12_01': 0.0050999999999999995}
GEMM_09_12_01,GEMM_09_12_02,0.0050999999999999995,{'GEMM_09_12_01GEMM_09_12_02': 0.0050999999999999995}
GEMM_09_12_02,GEMM_09_12_03,0.0050999999999999995,{'GEMM_09_12_02GEMM_09_12_03': 0.0050999999999999995}
GEMM_09_12_03,GEMM_09_12_04,0.0050999999999999995,{'GEMM_09_12_03GEMM_09_12_04': 0.0050999999999999995}
GEMM_09_12_04,GEMM_09_12_05,0.0050999999999999995,{'GEMM_09_12_04GEMM_09_12_05': 0.0050999999999999995}
GEMM_09_12_05,GEMM_09_12_06,0.0050999999999999995,{'GEMM_09_12_05GEMM_09_12_06': 0.0050999999999999995}
GEMM_09_12_06,GEMM_09_12_07,0.0050999999999999995,{'GEMM_09_12_06GEMM_09_12_07': 0.0050999999999999995}
GEMM_13_14_02,GEMM_13_14_03,0.0050999999999999995,{'GEMM_13_14_02GEMM_13_14_03': 0.0050999999999999995}
GEMM_10_09_04,GEMM_10_09_05,0.0050999999999999995,{'GEMM_10_09_04GEMM_10_09_05': 0.0050999999999999995}
GEMM_05_08_03,GEMM_05_08_04,0.0050999999999999995,{'GEMM_05_08_03GEMM_05_08_04': 0.0050999999999999995}
GEMM_08_08_04,GEMM_08_08_05,0.0050999999999999995,{'GEMM_08_08_04GEMM_08_08_05': 0.0050999999999999995}
GEMM_08_08_05,GEMM_08_08_06,0.0050999999999999995,{'GEMM_08_08_05GEMM_08_08_06': 0.0050999999999999995}
GEMM_08_08_02,GEMM_08_08_03,0.0050999999999999995,{'GEMM_08_08_02GEMM_08_08_03': 0.0050999999999999995}
GEMM_10_02_01,TRSML_10_02,0.0050999999999999995,{'GEMM_10_02_01TRSML_10_02': 0.0050999999999999995}
GEMM_08_08_00,GEMM_08_08_01,0.0050999999999999995,{'GEMM_08_08_00GEMM_08_08_01': 0.0050999999999999995}
GEMM_08_08_01,GEMM_08_08_02,0.0050999999999999995,{'GEMM_08_08_01GEMM_08_08_02': 0.0050999999999999995}
GEMM_06_11_01,GEMM_06_11_02,0.0050999999999999995,{'GEMM_06_11_01GEMM_06_11_02': 0.0050999999999999995}
GEMM_05_08_01,GEMM_05_08_02,0.0050999999999999995,{'GEMM_05_08_01GEMM_05_08_02': 0.0050999999999999995}
GEMM_11_13_08,GEMM_11_13_09,0.0050999999999999995,{'GEMM_11_13_08GEMM_11_13_09': 0.0050999999999999995}
GEMM_07_06_00,GEMM_07_06_01,0.0050999999999999995,{'GEMM_07_06_00GEMM_07_06_01': 0.0050999999999999995}
GEMM_10_14_03,GEMM_10_14_04,0.0050999999999999995,{'GEMM_10_14_03GEMM_10_14_04': 0.0050999999999999995}
GEMM_13_09_08,TRSML_13_09,0.0050999999999999995,{'GEMM_13_09_08TRSML_13_09': 0.0050999999999999995}
GEMM_13_11_03,GEMM_13_11_04,0.0050999999999999995,{'GEMM_13_11_03GEMM_13_11_04': 0.0050999999999999995}
GEMM_12_13_07,GEMM_12_13_08,0.0050999999999999995,{'GEMM_12_13_07GEMM_12_13_08': 0.0050999999999999995}
GEMM_13_11_07,GEMM_13_11_08,0.0050999999999999995,{'GEMM_13_11_07GEMM_13_11_08': 0.0050999999999999995}
GEMM_07_11_03,GEMM_07_11_04,0.0050999999999999995,{'GEMM_07_11_03GEMM_07_11_04': 0.0050999999999999995}
GEMM_07_11_02,GEMM_07_11_03,0.0050999999999999995,{'GEMM_07_11_02GEMM_07_11_03': 0.0050999999999999995}
GEMM_07_11_01,GEMM_07_11_02,0.0050999999999999995,{'GEMM_07_11_01GEMM_07_11_02': 0.0050999999999999995}
GEMM_07_11_00,GEMM_07_11_01,0.0050999999999999995,{'GEMM_07_11_00GEMM_07_11_01': 0.0050999999999999995}
GEMM_07_07_00,GEMM_07_07_01,0.0050999999999999995,{'GEMM_07_07_00GEMM_07_07_01': 0.0050999999999999995}
GEMM_05_09_01,GEMM_05_09_02,0.0050999999999999995,{'GEMM_05_09_01GEMM_05_09_02': 0.0050999999999999995}
GEMM_09_10_00,GEMM_09_10_01,0.0050999999999999995,{'GEMM_09_10_00GEMM_09_10_01': 0.0050999999999999995}
GEMM_09_10_01,GEMM_09_10_02,0.0050999999999999995,{'GEMM_09_10_01GEMM_09_10_02': 0.0050999999999999995}
GETRF_10,TRSMU_10_11,0.0009899999999999998,{'GETRF_10TRSMU_10_11': 0.0009899999999999998}
GETRF_10,TRSMU_10_12,0.0009899999999999998,{'GETRF_10TRSMU_10_12': 0.0009899999999999998}
GETRF_10,TRSMU_10_13,0.0009899999999999998,{'GETRF_10TRSMU_10_13': 0.0009899999999999998}
GETRF_10,TRSMU_10_14,0.0009899999999999998,{'GETRF_10TRSMU_10_14': 0.0009899999999999998}
GETRF_10,TRSML_13_10,0.0009899999999999998,{'GETRF_10TRSML_13_10': 0.0009899999999999998}
GETRF_10,TRSML_14_10,0.0009899999999999998,{'GETRF_10TRSML_14_10': 0.0009899999999999998}
GETRF_10,TRSML_12_10,0.0009899999999999998,{'GETRF_10TRSML_12_10': 0.0009899999999999998}
GETRF_10,TRSML_11_10,0.0009899999999999998,{'GETRF_10TRSML_11_10': 0.0009899999999999998}
GEMM_12_11_05,GEMM_12_11_06,0.0050999999999999995,{'GEMM_12_11_05GEMM_12_11_06': 0.0050999999999999995}
GETRF_12,TRSMU_12_14,0.0009899999999999998,{'GETRF_12TRSMU_12_14': 0.0009899999999999998}
GETRF_12,TRSML_14_12,0.0009899999999999998,{'GETRF_12TRSML_14_12': 0.0009899999999999998}
GETRF_12,TRSMU_12_13,0.0009899999999999998,{'GETRF_12TRSMU_12_13': 0.0009899999999999998}
GETRF_12,TRSML_13_12,0.0009899999999999998,{'GETRF_12TRSML_13_12': 0.0009899999999999998}
GEMM_07_06_04,GEMM_07_06_05,0.0050999999999999995,{'GEMM_07_06_04GEMM_07_06_05': 0.0050999999999999995}
GEMM_08_04_02,GEMM_08_04_03,0.0050999999999999995,{'GEMM_08_04_02GEMM_08_04_03': 0.0050999999999999995}
GEMM_09_10_08,TRSMU_09_10,0.0050999999999999995,{'GEMM_09_10_08TRSMU_09_10': 0.0050999999999999995}
GEMM_11_13_09,GEMM_11_13_10,0.0050999999999999995,{'GEMM_11_13_09GEMM_11_13_10': 0.0050999999999999995}
GEMM_14_11_07,GEMM_14_11_08,0.0050999999999999995,{'GEMM_14_11_07GEMM_14_11_08': 0.0050999999999999995}
GEMM_12_11_07,GEMM_12_11_08,0.0050999999999999995,{'GEMM_12_11_07GEMM_12_11_08': 0.0050999999999999995}
GEMM_09_01_00,TRSML_09_01,0.0050999999999999995,{'GEMM_09_01_00TRSML_09_01': 0.0050999999999999995}
GEMM_10_09_06,GEMM_10_09_07,0.0050999999999999995,{'GEMM_10_09_06GEMM_10_09_07': 0.0050999999999999995}
GEMM_13_14_08,GEMM_13_14_09,0.0050999999999999995,{'GEMM_13_14_08GEMM_13_14_09': 0.0050999999999999995}
GEMM_05_09_02,GEMM_05_09_03,0.0050999999999999995,{'GEMM_05_09_02GEMM_05_09_03': 0.0050999999999999995}
GEMM_14_11_05,GEMM_14_11_06,0.0050999999999999995,{'GEMM_14_11_05GEMM_14_11_06': 0.0050999999999999995}
GEMM_11_08_07,TRSML_11_08,0.0050999999999999995,{'GEMM_11_08_07TRSML_11_08': 0.0050999999999999995}
GEMM_14_11_04,GEMM_14_11_05,0.0050999999999999995,{'GEMM_14_11_04GEMM_14_11_05': 0.0050999999999999995}
TRSMU_01_13,GEMM_07_13_01,0.00264,{'TRSMU_01_13GEMM_07_13_01': 0.00264}
TRSMU_01_13,GEMM_06_13_01,0.00264,{'TRSMU_01_13GEMM_06_13_01': 0.00264}
TRSMU_01_13,GEMM_05_13_01,0.00264,{'TRSMU_01_13GEMM_05_13_01': 0.00264}
TRSMU_01_13,GEMM_03_13_01,0.00264,{'TRSMU_01_13GEMM_03_13_01': 0.00264}
TRSMU_01_13,GEMM_02_13_01,0.00264,{'TRSMU_01_13GEMM_02_13_01': 0.00264}
TRSMU_01_13,GEMM_10_13_01,0.00264,{'TRSMU_01_13GEMM_10_13_01': 0.00264}
TRSMU_01_13,GEMM_11_13_01,0.00264,{'TRSMU_01_13GEMM_11_13_01': 0.00264}
TRSMU_01_13,GEMM_12_13_01,0.00264,{'TRSMU_01_13GEMM_12_13_01': 0.00264}
TRSMU_01_13,GEMM_04_13_01,0.00264,{'TRSMU_01_13GEMM_04_13_01': 0.00264}
TRSMU_01_13,GEMM_14_13_01,0.00264,{'TRSMU_01_13GEMM_14_13_01': 0.00264}
TRSMU_01_13,GEMM_09_13_01,0.00264,{'TRSMU_01_13GEMM_09_13_01': 0.00264}
TRSMU_01_13,GEMM_13_13_01,0.00264,{'TRSMU_01_13GEMM_13_13_01': 0.00264}
TRSMU_01_13,GEMM_08_13_01,0.00264,{'TRSMU_01_13GEMM_08_13_01': 0.00264}
GEMM_06_07_04,GEMM_06_07_05,0.0050999999999999995,{'GEMM_06_07_04GEMM_06_07_05': 0.0050999999999999995}
GEMM_06_07_01,GEMM_06_07_02,0.0050999999999999995,{'GEMM_06_07_01GEMM_06_07_02': 0.0050999999999999995}
GEMM_06_07_00,GEMM_06_07_01,0.0050999999999999995,{'GEMM_06_07_00GEMM_06_07_01': 0.0050999999999999995}
GEMM_06_07_03,GEMM_06_07_04,0.0050999999999999995,{'GEMM_06_07_03GEMM_06_07_04': 0.0050999999999999995}
GEMM_06_07_02,GEMM_06_07_03,0.0050999999999999995,{'GEMM_06_07_02GEMM_06_07_03': 0.0050999999999999995}
GEMM_07_05_02,GEMM_07_05_03,0.0050999999999999995,{'GEMM_07_05_02GEMM_07_05_03': 0.0050999999999999995}
GEMM_07_05_03,GEMM_07_05_04,0.0050999999999999995,{'GEMM_07_05_03GEMM_07_05_04': 0.0050999999999999995}
GEMM_07_05_00,GEMM_07_05_01,0.0050999999999999995,{'GEMM_07_05_00GEMM_07_05_01': 0.0050999999999999995}
GEMM_07_05_01,GEMM_07_05_02,0.0050999999999999995,{'GEMM_07_05_01GEMM_07_05_02': 0.0050999999999999995}
GEMM_07_05_04,TRSML_07_05,0.0050999999999999995,{'GEMM_07_05_04TRSML_07_05': 0.0050999999999999995}
GEMM_14_08_01,GEMM_14_08_02,0.0050999999999999995,{'GEMM_14_08_01GEMM_14_08_02': 0.0050999999999999995}
GEMM_14_08_00,GEMM_14_08_01,0.0050999999999999995,{'GEMM_14_08_00GEMM_14_08_01': 0.0050999999999999995}
GEMM_14_08_03,GEMM_14_08_04,0.0050999999999999995,{'GEMM_14_08_03GEMM_14_08_04': 0.0050999999999999995}
GEMM_14_08_02,GEMM_14_08_03,0.0050999999999999995,{'GEMM_14_08_02GEMM_14_08_03': 0.0050999999999999995}
GEMM_08_09_01,GEMM_08_09_02,0.0050999999999999995,{'GEMM_08_09_01GEMM_08_09_02': 0.0050999999999999995}
GEMM_08_09_00,GEMM_08_09_01,0.0050999999999999995,{'GEMM_08_09_00GEMM_08_09_01': 0.0050999999999999995}
GEMM_08_09_03,GEMM_08_09_04,0.0050999999999999995,{'GEMM_08_09_03GEMM_08_09_04': 0.0050999999999999995}
GEMM_08_09_02,GEMM_08_09_03,0.0050999999999999995,{'GEMM_08_09_02GEMM_08_09_03': 0.0050999999999999995}
GEMM_07_06_03,GEMM_07_06_04,0.0050999999999999995,{'GEMM_07_06_03GEMM_07_06_04': 0.0050999999999999995}
GEMM_07_06_02,GEMM_07_06_03,0.0050999999999999995,{'GEMM_07_06_02GEMM_07_06_03': 0.0050999999999999995}
GEMM_07_06_01,GEMM_07_06_02,0.0050999999999999995,{'GEMM_07_06_01GEMM_07_06_02': 0.0050999999999999995}
GEMM_05_08_00,GEMM_05_08_01,0.0050999999999999995,{'GEMM_05_08_00GEMM_05_08_01': 0.0050999999999999995}
GEMM_09_03_02,TRSML_09_03,0.0050999999999999995,{'GEMM_09_03_02TRSML_09_03': 0.0050999999999999995}
GEMM_09_03_00,GEMM_09_03_01,0.0050999999999999995,{'GEMM_09_03_00GEMM_09_03_01': 0.0050999999999999995}
GEMM_09_03_01,GEMM_09_03_02,0.0050999999999999995,{'GEMM_09_03_01GEMM_09_03_02': 0.0050999999999999995}
GEMM_03_09_02,TRSMU_03_09,0.0050999999999999995,{'GEMM_03_09_02TRSMU_03_09': 0.0050999999999999995}
GEMM_14_11_06,GEMM_14_11_07,0.0050999999999999995,{'GEMM_14_11_06GEMM_14_11_07': 0.0050999999999999995}
GEMM_03_09_00,GEMM_03_09_01,0.0050999999999999995,{'GEMM_03_09_00GEMM_03_09_01': 0.0050999999999999995}
GEMM_03_09_01,GEMM_03_09_02,0.0050999999999999995,{'GEMM_03_09_01GEMM_03_09_02': 0.0050999999999999995}
GEMM_14_11_03,GEMM_14_11_04,0.0050999999999999995,{'GEMM_14_11_03GEMM_14_11_04': 0.0050999999999999995}
GEMM_14_11_02,GEMM_14_11_03,0.0050999999999999995,{'GEMM_14_11_02GEMM_14_11_03': 0.0050999999999999995}
GEMM_14_11_01,GEMM_14_11_02,0.0050999999999999995,{'GEMM_14_11_01GEMM_14_11_02': 0.0050999999999999995}
GEMM_14_11_00,GEMM_14_11_01,0.0050999999999999995,{'GEMM_14_11_00GEMM_14_11_01': 0.0050999999999999995}
GEMM_06_06_04,GEMM_06_06_05,0.0050999999999999995,{'GEMM_06_06_04GEMM_06_06_05': 0.0050999999999999995}
GEMM_06_06_05,GETRF_06,0.0050999999999999995,{'GEMM_06_06_05GETRF_06': 0.0050999999999999995}
GEMM_06_06_02,GEMM_06_06_03,0.0050999999999999995,{'GEMM_06_06_02GEMM_06_06_03': 0.0050999999999999995}
GEMM_05_04_02,GEMM_05_04_03,0.0050999999999999995,{'GEMM_05_04_02GEMM_05_04_03': 0.0050999999999999995}
GEMM_05_04_01,GEMM_05_04_02,0.0050999999999999995,{'GEMM_05_04_01GEMM_05_04_02': 0.0050999999999999995}
GEMM_05_04_00,GEMM_05_04_01,0.0050999999999999995,{'GEMM_05_04_00GEMM_05_04_01': 0.0050999999999999995}
GEMM_07_08_05,GEMM_07_08_06,0.0050999999999999995,{'GEMM_07_08_05GEMM_07_08_06': 0.0050999999999999995}
GEMM_05_04_03,TRSML_05_04,0.0050999999999999995,{'GEMM_05_04_03TRSML_05_04': 0.0050999999999999995}
GEMM_07_08_06,TRSMU_07_08,0.0050999999999999995,{'GEMM_07_08_06TRSMU_07_08': 0.0050999999999999995}
GEMM_05_06_01,GEMM_05_06_02,0.0050999999999999995,{'GEMM_05_06_01GEMM_05_06_02': 0.0050999999999999995}
GEMM_05_06_00,GEMM_05_06_01,0.0050999999999999995,{'GEMM_05_06_00GEMM_05_06_01': 0.0050999999999999995}
GEMM_05_06_03,GEMM_05_06_04,0.0050999999999999995,{'GEMM_05_06_03GEMM_05_06_04': 0.0050999999999999995}
GEMM_05_06_02,GEMM_05_06_03,0.0050999999999999995,{'GEMM_05_06_02GEMM_05_06_03': 0.0050999999999999995}
GEMM_11_11_09,GEMM_11_11_10,0.0050999999999999995,{'GEMM_11_11_09GEMM_11_11_10': 0.0050999999999999995}
GEMM_14_05_00,GEMM_14_05_01,0.0050999999999999995,{'GEMM_14_05_00GEMM_14_05_01': 0.0050999999999999995}
GEMM_06_10_05,TRSMU_06_10,0.0050999999999999995,{'GEMM_06_10_05TRSMU_06_10': 0.0050999999999999995}
GEMM_06_10_04,GEMM_06_10_05,0.0050999999999999995,{'GEMM_06_10_04GEMM_06_10_05': 0.0050999999999999995}
GEMM_13_07_00,GEMM_13_07_01,0.0050999999999999995,{'GEMM_13_07_00GEMM_13_07_01': 0.0050999999999999995}
GEMM_06_10_01,GEMM_06_10_02,0.0050999999999999995,{'GEMM_06_10_01GEMM_06_10_02': 0.0050999999999999995}
GEMM_06_10_00,GEMM_06_10_01,0.0050999999999999995,{'GEMM_06_10_00GEMM_06_10_01': 0.0050999999999999995}
GEMM_06_10_03,GEMM_06_10_04,0.0050999999999999995,{'GEMM_06_10_03GEMM_06_10_04': 0.0050999999999999995}
GEMM_06_10_02,GEMM_06_10_03,0.0050999999999999995,{'GEMM_06_10_02GEMM_06_10_03': 0.0050999999999999995}
GEMM_06_09_05,TRSMU_06_09,0.0050999999999999995,{'GEMM_06_09_05TRSMU_06_09': 0.0050999999999999995}
GEMM_07_08_04,GEMM_07_08_05,0.0050999999999999995,{'GEMM_07_08_04GEMM_07_08_05': 0.0050999999999999995}
GEMM_05_06_04,TRSMU_05_06,0.0050999999999999995,{'GEMM_05_06_04TRSMU_05_06': 0.0050999999999999995}
GEMM_09_10_02,GEMM_09_10_03,0.0050999999999999995,{'GEMM_09_10_02GEMM_09_10_03': 0.0050999999999999995}
GETRF_06,TRSMU_06_08,0.0009899999999999998,{'GETRF_06TRSMU_06_08': 0.0009899999999999998}
GETRF_06,TRSMU_06_09,0.0009899999999999998,{'GETRF_06TRSMU_06_09': 0.0009899999999999998}
GETRF_06,TRSML_11_06,0.0009899999999999998,{'GETRF_06TRSML_11_06': 0.0009899999999999998}
GETRF_06,TRSML_10_06,0.0009899999999999998,{'GETRF_06TRSML_10_06': 0.0009899999999999998}
GETRF_06,TRSML_09_06,0.0009899999999999998,{'GETRF_06TRSML_09_06': 0.0009899999999999998}
GETRF_06,TRSMU_06_13,0.0009899999999999998,{'GETRF_06TRSMU_06_13': 0.0009899999999999998}
GETRF_06,TRSML_13_06,0.0009899999999999998,{'GETRF_06TRSML_13_06': 0.0009899999999999998}
GETRF_06,TRSMU_06_11,0.0009899999999999998,{'GETRF_06TRSMU_06_11': 0.0009899999999999998}
GETRF_06,TRSMU_06_10,0.0009899999999999998,{'GETRF_06TRSMU_06_10': 0.0009899999999999998}
GETRF_06,TRSMU_06_07,0.0009899999999999998,{'GETRF_06TRSMU_06_07': 0.0009899999999999998}
GETRF_06,TRSML_14_06,0.0009899999999999998,{'GETRF_06TRSML_14_06': 0.0009899999999999998}
GETRF_06,TRSML_12_06,0.0009899999999999998,{'GETRF_06TRSML_12_06': 0.0009899999999999998}
GETRF_06,TRSMU_06_12,0.0009899999999999998,{'GETRF_06TRSMU_06_12': 0.0009899999999999998}
GETRF_06,TRSML_07_06,0.0009899999999999998,{'GETRF_06TRSML_07_06': 0.0009899999999999998}
GETRF_06,TRSMU_06_14,0.0009899999999999998,{'GETRF_06TRSMU_06_14': 0.0009899999999999998}
GETRF_06,TRSML_08_06,0.0009899999999999998,{'GETRF_06TRSML_08_06': 0.0009899999999999998}
GEMM_07_08_01,GEMM_07_08_02,0.0050999999999999995,{'GEMM_07_08_01GEMM_07_08_02': 0.0050999999999999995}
GEMM_07_08_00,GEMM_07_08_01,0.0050999999999999995,{'GEMM_07_08_00GEMM_07_08_01': 0.0050999999999999995}
GEMM_07_03_00,GEMM_07_03_01,0.0050999999999999995,{'GEMM_07_03_00GEMM_07_03_01': 0.0050999999999999995}
GEMM_07_03_01,GEMM_07_03_02,0.0050999999999999995,{'GEMM_07_03_01GEMM_07_03_02': 0.0050999999999999995}
GEMM_07_03_02,TRSML_07_03,0.0050999999999999995,{'GEMM_07_03_02TRSML_07_03': 0.0050999999999999995}
GEMM_13_12_11,TRSML_13_12,0.0050999999999999995,{'GEMM_13_12_11TRSML_13_12': 0.0050999999999999995}
GEMM_07_08_03,GEMM_07_08_04,0.0050999999999999995,{'GEMM_07_08_03GEMM_07_08_04': 0.0050999999999999995}
TRSMU_10_13,GEMM_13_13_10,0.00264,{'TRSMU_10_13GEMM_13_13_10': 0.00264}
TRSMU_10_13,GEMM_12_13_10,0.00264,{'TRSMU_10_13GEMM_12_13_10': 0.00264}
TRSMU_10_13,GEMM_14_13_10,0.00264,{'TRSMU_10_13GEMM_14_13_10': 0.00264}
TRSMU_10_13,GEMM_11_13_10,0.00264,{'TRSMU_10_13GEMM_11_13_10': 0.00264}
GEMM_07_08_02,GEMM_07_08_03,0.0050999999999999995,{'GEMM_07_08_02GEMM_07_08_03': 0.0050999999999999995}
GEMM_09_02_01,TRSML_09_02,0.0050999999999999995,{'GEMM_09_02_01TRSML_09_02': 0.0050999999999999995}
GEMM_09_02_00,GEMM_09_02_01,0.0050999999999999995,{'GEMM_09_02_00GEMM_09_02_01': 0.0050999999999999995}
GEMM_07_01_00,TRSML_07_01,0.0050999999999999995,{'GEMM_07_01_00TRSML_07_01': 0.0050999999999999995}
TRSMU_12_14,GEMM_14_14_12,0.00264,{'TRSMU_12_14GEMM_14_14_12': 0.00264}
TRSMU_12_14,GEMM_13_14_12,0.00264,{'TRSMU_12_14GEMM_13_14_12': 0.00264}
TRSMU_07_11,GEMM_14_11_07,0.00264,{'TRSMU_07_11GEMM_14_11_07': 0.00264}
TRSMU_07_11,GEMM_13_11_07,0.00264,{'TRSMU_07_11GEMM_13_11_07': 0.00264}
TRSMU_07_11,GEMM_10_11_07,0.00264,{'TRSMU_07_11GEMM_10_11_07': 0.00264}
TRSMU_07_11,GEMM_08_11_07,0.00264,{'TRSMU_07_11GEMM_08_11_07': 0.00264}
TRSMU_07_11,GEMM_11_11_07,0.00264,{'TRSMU_07_11GEMM_11_11_07': 0.00264}
TRSMU_07_11,GEMM_09_11_07,0.00264,{'TRSMU_07_11GEMM_09_11_07': 0.00264}
TRSMU_07_11,GEMM_12_11_07,0.00264,{'TRSMU_07_11GEMM_12_11_07': 0.00264}
GEMM_09_08_06,GEMM_09_08_07,0.0050999999999999995,{'GEMM_09_08_06GEMM_09_08_07': 0.0050999999999999995}
GEMM_10_09_07,GEMM_10_09_08,0.0050999999999999995,{'GEMM_10_09_07GEMM_10_09_08': 0.0050999999999999995}
GEMM_11_11_10,GETRF_11,0.0050999999999999995,{'GEMM_11_11_10GETRF_11': 0.0050999999999999995}
GEMM_11_10_05,GEMM_11_10_06,0.0050999999999999995,{'GEMM_11_10_05GEMM_11_10_06': 0.0050999999999999995}
TRSMU_06_08,GEMM_08_08_06,0.00264,{'TRSMU_06_08GEMM_08_08_06': 0.00264}
TRSMU_06_08,GEMM_09_08_06,0.00264,{'TRSMU_06_08GEMM_09_08_06': 0.00264}
TRSMU_06_08,GEMM_11_08_06,0.00264,{'TRSMU_06_08GEMM_11_08_06': 0.00264}
TRSMU_06_08,GEMM_10_08_06,0.00264,{'TRSMU_06_08GEMM_10_08_06': 0.00264}
TRSMU_06_08,GEMM_13_08_06,0.00264,{'TRSMU_06_08GEMM_13_08_06': 0.00264}
TRSMU_06_08,GEMM_07_08_06,0.00264,{'TRSMU_06_08GEMM_07_08_06': 0.00264}
TRSMU_06_08,GEMM_12_08_06,0.00264,{'TRSMU_06_08GEMM_12_08_06': 0.00264}
TRSMU_06_08,GEMM_14_08_06,0.00264,{'TRSMU_06_08GEMM_14_08_06': 0.00264}
TRSMU_06_09,GEMM_07_09_06,0.00264,{'TRSMU_06_09GEMM_07_09_06': 0.00264}
TRSMU_06_09,GEMM_14_09_06,0.00264,{'TRSMU_06_09GEMM_14_09_06': 0.00264}
TRSMU_06_09,GEMM_11_09_06,0.00264,{'TRSMU_06_09GEMM_11_09_06': 0.00264}
TRSMU_06_09,GEMM_13_09_06,0.00264,{'TRSMU_06_09GEMM_13_09_06': 0.00264}
TRSMU_06_09,GEMM_09_09_06,0.00264,{'TRSMU_06_09GEMM_09_09_06': 0.00264}
TRSMU_06_09,GEMM_10_09_06,0.00264,{'TRSMU_06_09GEMM_10_09_06': 0.00264}
TRSMU_06_09,GEMM_12_09_06,0.00264,{'TRSMU_06_09GEMM_12_09_06': 0.00264}
TRSMU_06_09,GEMM_08_09_06,0.00264,{'TRSMU_06_09GEMM_08_09_06': 0.00264}
GEMM_14_10_07,GEMM_14_10_08,0.0050999999999999995,{'GEMM_14_10_07GEMM_14_10_08': 0.0050999999999999995}
TRSMU_06_07,GEMM_07_07_06,0.00264,{'TRSMU_06_07GEMM_07_07_06': 0.00264}
TRSMU_06_07,GEMM_08_07_06,0.00264,{'TRSMU_06_07GEMM_08_07_06': 0.00264}
TRSMU_06_07,GEMM_12_07_06,0.00264,{'TRSMU_06_07GEMM_12_07_06': 0.00264}
TRSMU_06_07,GEMM_10_07_06,0.00264,{'TRSMU_06_07GEMM_10_07_06': 0.00264}
TRSMU_06_07,GEMM_14_07_06,0.00264,{'TRSMU_06_07GEMM_14_07_06': 0.00264}
TRSMU_06_07,GEMM_13_07_06,0.00264,{'TRSMU_06_07GEMM_13_07_06': 0.00264}
TRSMU_06_07,GEMM_11_07_06,0.00264,{'TRSMU_06_07GEMM_11_07_06': 0.00264}
TRSMU_06_07,GEMM_09_07_06,0.00264,{'TRSMU_06_07GEMM_09_07_06': 0.00264}
GEMM_10_14_08,GEMM_10_14_09,0.0050999999999999995,{'GEMM_10_14_08GEMM_10_14_09': 0.0050999999999999995}
GEMM_10_14_09,TRSMU_10_14,0.0050999999999999995,{'GEMM_10_14_09TRSMU_10_14': 0.0050999999999999995}
TRSMU_03_13,GEMM_05_13_03,0.00264,{'TRSMU_03_13GEMM_05_13_03': 0.00264}
TRSMU_03_13,GEMM_07_13_03,0.00264,{'TRSMU_03_13GEMM_07_13_03': 0.00264}
TRSMU_03_13,GEMM_06_13_03,0.00264,{'TRSMU_03_13GEMM_06_13_03': 0.00264}
TRSMU_03_13,GEMM_12_13_03,0.00264,{'TRSMU_03_13GEMM_12_13_03': 0.00264}
TRSMU_03_13,GEMM_04_13_03,0.00264,{'TRSMU_03_13GEMM_04_13_03': 0.00264}
TRSMU_03_13,GEMM_10_13_03,0.00264,{'TRSMU_03_13GEMM_10_13_03': 0.00264}
TRSMU_03_13,GEMM_11_13_03,0.00264,{'TRSMU_03_13GEMM_11_13_03': 0.00264}
TRSMU_03_13,GEMM_09_13_03,0.00264,{'TRSMU_03_13GEMM_09_13_03': 0.00264}
TRSMU_03_13,GEMM_14_13_03,0.00264,{'TRSMU_03_13GEMM_14_13_03': 0.00264}
TRSMU_03_13,GEMM_13_13_03,0.00264,{'TRSMU_03_13GEMM_13_13_03': 0.00264}
TRSMU_03_13,GEMM_08_13_03,0.00264,{'TRSMU_03_13GEMM_08_13_03': 0.00264}
GEMM_10_09_08,TRSML_10_09,0.0050999999999999995,{'GEMM_10_09_08TRSML_10_09': 0.0050999999999999995}
GEMM_10_14_00,GEMM_10_14_01,0.0050999999999999995,{'GEMM_10_14_00GEMM_10_14_01': 0.0050999999999999995}
GEMM_05_05_01,GEMM_05_05_02,0.0050999999999999995,{'GEMM_05_05_01GEMM_05_05_02': 0.0050999999999999995}
GEMM_04_08_00,GEMM_04_08_01,0.0050999999999999995,{'GEMM_04_08_00GEMM_04_08_01': 0.0050999999999999995}
GEMM_04_08_01,GEMM_04_08_02,0.0050999999999999995,{'GEMM_04_08_01GEMM_04_08_02': 0.0050999999999999995}
GEMM_10_09_02,GEMM_10_09_03,0.0050999999999999995,{'GEMM_10_09_02GEMM_10_09_03': 0.0050999999999999995}
GEMM_10_09_03,GEMM_10_09_04,0.0050999999999999995,{'GEMM_10_09_03GEMM_10_09_04': 0.0050999999999999995}
GEMM_10_09_00,GEMM_10_09_01,0.0050999999999999995,{'GEMM_10_09_00GEMM_10_09_01': 0.0050999999999999995}
GEMM_10_09_01,GEMM_10_09_02,0.0050999999999999995,{'GEMM_10_09_01GEMM_10_09_02': 0.0050999999999999995}
GEMM_09_10_03,GEMM_09_10_04,0.0050999999999999995,{'GEMM_09_10_03GEMM_09_10_04': 0.0050999999999999995}
GEMM_04_03_02,TRSML_04_03,0.0050999999999999995,{'GEMM_04_03_02TRSML_04_03': 0.0050999999999999995}
GEMM_13_09_00,GEMM_13_09_01,0.0050999999999999995,{'GEMM_13_09_00GEMM_13_09_01': 0.0050999999999999995}
GEMM_10_14_07,GEMM_10_14_08,0.0050999999999999995,{'GEMM_10_14_07GEMM_10_14_08': 0.0050999999999999995}
TRSML_09_02,GEMM_09_03_02,0.00264,{'TRSML_09_02GEMM_09_03_02': 0.00264}
TRSML_09_02,GEMM_09_04_02,0.00264,{'TRSML_09_02GEMM_09_04_02': 0.00264}
TRSML_09_02,GEMM_09_08_02,0.00264,{'TRSML_09_02GEMM_09_08_02': 0.00264}
TRSML_09_02,GEMM_09_05_02,0.00264,{'TRSML_09_02GEMM_09_05_02': 0.00264}
TRSML_09_02,GEMM_09_14_02,0.00264,{'TRSML_09_02GEMM_09_14_02': 0.00264}
TRSML_09_02,GEMM_09_09_02,0.00264,{'TRSML_09_02GEMM_09_09_02': 0.00264}
TRSML_09_02,GEMM_09_06_02,0.00264,{'TRSML_09_02GEMM_09_06_02': 0.00264}
TRSML_09_02,GEMM_09_13_02,0.00264,{'TRSML_09_02GEMM_09_13_02': 0.00264}
TRSML_09_02,GEMM_09_07_02,0.00264,{'TRSML_09_02GEMM_09_07_02': 0.00264}
TRSML_09_02,GEMM_09_10_02,0.00264,{'TRSML_09_02GEMM_09_10_02': 0.00264}
TRSML_09_02,GEMM_09_12_02,0.00264,{'TRSML_09_02GEMM_09_12_02': 0.00264}
TRSML_09_02,GEMM_09_11_02,0.00264,{'TRSML_09_02GEMM_09_11_02': 0.00264}
GEMM_14_10_00,GEMM_14_10_01,0.0050999999999999995,{'GEMM_14_10_00GEMM_14_10_01': 0.0050999999999999995}
TRSMU_00_03,GEMM_06_03_00,0.00264,{'TRSMU_00_03GEMM_06_03_00': 0.00264}
TRSMU_00_03,GEMM_12_03_00,0.00264,{'TRSMU_00_03GEMM_12_03_00': 0.00264}
TRSMU_00_03,GEMM_04_03_00,0.00264,{'TRSMU_00_03GEMM_04_03_00': 0.00264}
TRSMU_00_03,GEMM_02_03_00,0.00264,{'TRSMU_00_03GEMM_02_03_00': 0.00264}
TRSMU_00_03,GEMM_09_03_00,0.00264,{'TRSMU_00_03GEMM_09_03_00': 0.00264}
TRSMU_00_03,GEMM_11_03_00,0.00264,{'TRSMU_00_03GEMM_11_03_00': 0.00264}
TRSMU_00_03,GEMM_13_03_00,0.00264,{'TRSMU_00_03GEMM_13_03_00': 0.00264}
TRSMU_00_03,GEMM_08_03_00,0.00264,{'TRSMU_00_03GEMM_08_03_00': 0.00264}
TRSMU_00_03,GEMM_07_03_00,0.00264,{'TRSMU_00_03GEMM_07_03_00': 0.00264}
TRSMU_00_03,GEMM_03_03_00,0.00264,{'TRSMU_00_03GEMM_03_03_00': 0.00264}
TRSMU_00_03,GEMM_10_03_00,0.00264,{'TRSMU_00_03GEMM_10_03_00': 0.00264}
TRSMU_00_03,GEMM_05_03_00,0.00264,{'TRSMU_00_03GEMM_05_03_00': 0.00264}
TRSMU_00_03,GEMM_14_03_00,0.00264,{'TRSMU_00_03GEMM_14_03_00': 0.00264}
TRSMU_00_03,GEMM_01_03_00,0.00264,{'TRSMU_00_03GEMM_01_03_00': 0.00264}
GEMM_14_10_02,GEMM_14_10_03,0.0050999999999999995,{'GEMM_14_10_02GEMM_14_10_03': 0.0050999999999999995}
TRSMU_00_01,GEMM_03_01_00,0.00264,{'TRSMU_00_01GEMM_03_01_00': 0.00264}
TRSMU_00_01,GEMM_11_01_00,0.00264,{'TRSMU_00_01GEMM_11_01_00': 0.00264}
TRSMU_00_01,GEMM_10_01_00,0.00264,{'TRSMU_00_01GEMM_10_01_00': 0.00264}
TRSMU_00_01,GEMM_04_01_00,0.00264,{'TRSMU_00_01GEMM_04_01_00': 0.00264}
TRSMU_00_01,GEMM_14_01_00,0.00264,{'TRSMU_00_01GEMM_14_01_00': 0.00264}
TRSMU_00_01,GEMM_05_01_00,0.00264,{'TRSMU_00_01GEMM_05_01_00': 0.00264}
TRSMU_00_01,GEMM_01_01_00,0.00264,{'TRSMU_00_01GEMM_01_01_00': 0.00264}
TRSMU_00_01,GEMM_13_01_00,0.00264,{'TRSMU_00_01GEMM_13_01_00': 0.00264}
TRSMU_00_01,GEMM_12_01_00,0.00264,{'TRSMU_00_01GEMM_12_01_00': 0.00264}
TRSMU_00_01,GEMM_08_01_00,0.00264,{'TRSMU_00_01GEMM_08_01_00': 0.00264}
TRSMU_00_01,GEMM_09_01_00,0.00264,{'TRSMU_00_01GEMM_09_01_00': 0.00264}
TRSMU_00_01,GEMM_06_01_00,0.00264,{'TRSMU_00_01GEMM_06_01_00': 0.00264}
TRSMU_00_01,GEMM_07_01_00,0.00264,{'TRSMU_00_01GEMM_07_01_00': 0.00264}
TRSMU_00_01,GEMM_02_01_00,0.00264,{'TRSMU_00_01GEMM_02_01_00': 0.00264}
TRSMU_00_06,GEMM_02_06_00,0.00264,{'TRSMU_00_06GEMM_02_06_00': 0.00264}
TRSMU_00_06,GEMM_07_06_00,0.00264,{'TRSMU_00_06GEMM_07_06_00': 0.00264}
TRSMU_00_06,GEMM_08_06_00,0.00264,{'TRSMU_00_06GEMM_08_06_00': 0.00264}
TRSMU_00_06,GEMM_12_06_00,0.00264,{'TRSMU_00_06GEMM_12_06_00': 0.00264}
TRSMU_00_06,GEMM_14_06_00,0.00264,{'TRSMU_00_06GEMM_14_06_00': 0.00264}
TRSMU_00_06,GEMM_01_06_00,0.00264,{'TRSMU_00_06GEMM_01_06_00': 0.00264}
TRSMU_00_06,GEMM_10_06_00,0.00264,{'TRSMU_00_06GEMM_10_06_00': 0.00264}
TRSMU_00_06,GEMM_04_06_00,0.00264,{'TRSMU_00_06GEMM_04_06_00': 0.00264}
TRSMU_00_06,GEMM_09_06_00,0.00264,{'TRSMU_00_06GEMM_09_06_00': 0.00264}
TRSMU_00_06,GEMM_06_06_00,0.00264,{'TRSMU_00_06GEMM_06_06_00': 0.00264}
TRSMU_00_06,GEMM_13_06_00,0.00264,{'TRSMU_00_06GEMM_13_06_00': 0.00264}
TRSMU_00_06,GEMM_05_06_00,0.00264,{'TRSMU_00_06GEMM_05_06_00': 0.00264}
TRSMU_00_06,GEMM_11_06_00,0.00264,{'TRSMU_00_06GEMM_11_06_00': 0.00264}
TRSMU_00_06,GEMM_03_06_00,0.00264,{'TRSMU_00_06GEMM_03_06_00': 0.00264}
TRSMU_00_07,GEMM_03_07_00,0.00264,{'TRSMU_00_07GEMM_03_07_00': 0.00264}
TRSMU_00_07,GEMM_08_07_00,0.00264,{'TRSMU_00_07GEMM_08_07_00': 0.00264}
TRSMU_00_07,GEMM_07_07_00,0.00264,{'TRSMU_00_07GEMM_07_07_00': 0.00264}
TRSMU_00_07,GEMM_05_07_00,0.00264,{'TRSMU_00_07GEMM_05_07_00': 0.00264}
TRSMU_00_07,GEMM_14_07_00,0.00264,{'TRSMU_00_07GEMM_14_07_00': 0.00264}
TRSMU_00_07,GEMM_10_07_00,0.00264,{'TRSMU_00_07GEMM_10_07_00': 0.00264}
TRSMU_00_07,GEMM_06_07_00,0.00264,{'TRSMU_00_07GEMM_06_07_00': 0.00264}
TRSMU_00_07,GEMM_12_07_00,0.00264,{'TRSMU_00_07GEMM_12_07_00': 0.00264}
TRSMU_00_07,GEMM_04_07_00,0.00264,{'TRSMU_00_07GEMM_04_07_00': 0.00264}
TRSMU_00_07,GEMM_01_07_00,0.00264,{'TRSMU_00_07GEMM_01_07_00': 0.00264}
TRSMU_00_07,GEMM_11_07_00,0.00264,{'TRSMU_00_07GEMM_11_07_00': 0.00264}
TRSMU_00_07,GEMM_13_07_00,0.00264,{'TRSMU_00_07GEMM_13_07_00': 0.00264}
TRSMU_00_07,GEMM_02_07_00,0.00264,{'TRSMU_00_07GEMM_02_07_00': 0.00264}
TRSMU_00_07,GEMM_09_07_00,0.00264,{'TRSMU_00_07GEMM_09_07_00': 0.00264}
TRSMU_00_04,GEMM_01_04_00,0.00264,{'TRSMU_00_04GEMM_01_04_00': 0.00264}
TRSMU_00_04,GEMM_03_04_00,0.00264,{'TRSMU_00_04GEMM_03_04_00': 0.00264}
TRSMU_00_04,GEMM_13_04_00,0.00264,{'TRSMU_00_04GEMM_13_04_00': 0.00264}
TRSMU_00_04,GEMM_06_04_00,0.00264,{'TRSMU_00_04GEMM_06_04_00': 0.00264}
TRSMU_00_04,GEMM_07_04_00,0.00264,{'TRSMU_00_04GEMM_07_04_00': 0.00264}
TRSMU_00_04,GEMM_09_04_00,0.00264,{'TRSMU_00_04GEMM_09_04_00': 0.00264}
TRSMU_00_04,GEMM_14_04_00,0.00264,{'TRSMU_00_04GEMM_14_04_00': 0.00264}
TRSMU_00_04,GEMM_11_04_00,0.00264,{'TRSMU_00_04GEMM_11_04_00': 0.00264}
TRSMU_00_04,GEMM_10_04_00,0.00264,{'TRSMU_00_04GEMM_10_04_00': 0.00264}
TRSMU_00_04,GEMM_08_04_00,0.00264,{'TRSMU_00_04GEMM_08_04_00': 0.00264}
TRSMU_00_04,GEMM_02_04_00,0.00264,{'TRSMU_00_04GEMM_02_04_00': 0.00264}
TRSMU_00_04,GEMM_05_04_00,0.00264,{'TRSMU_00_04GEMM_05_04_00': 0.00264}
TRSMU_00_04,GEMM_04_04_00,0.00264,{'TRSMU_00_04GEMM_04_04_00': 0.00264}
TRSMU_00_04,GEMM_12_04_00,0.00264,{'TRSMU_00_04GEMM_12_04_00': 0.00264}
TRSMU_00_05,GEMM_12_05_00,0.00264,{'TRSMU_00_05GEMM_12_05_00': 0.00264}
TRSMU_00_05,GEMM_01_05_00,0.00264,{'TRSMU_00_05GEMM_01_05_00': 0.00264}
TRSMU_00_05,GEMM_06_05_00,0.00264,{'TRSMU_00_05GEMM_06_05_00': 0.00264}
TRSMU_00_05,GEMM_08_05_00,0.00264,{'TRSMU_00_05GEMM_08_05_00': 0.00264}
TRSMU_00_05,GEMM_09_05_00,0.00264,{'TRSMU_00_05GEMM_09_05_00': 0.00264}
TRSMU_00_05,GEMM_03_05_00,0.00264,{'TRSMU_00_05GEMM_03_05_00': 0.00264}
TRSMU_00_05,GEMM_11_05_00,0.00264,{'TRSMU_00_05GEMM_11_05_00': 0.00264}
TRSMU_00_05,GEMM_07_05_00,0.00264,{'TRSMU_00_05GEMM_07_05_00': 0.00264}
TRSMU_00_05,GEMM_02_05_00,0.00264,{'TRSMU_00_05GEMM_02_05_00': 0.00264}
TRSMU_00_05,GEMM_04_05_00,0.00264,{'TRSMU_00_05GEMM_04_05_00': 0.00264}
TRSMU_00_05,GEMM_14_05_00,0.00264,{'TRSMU_00_05GEMM_14_05_00': 0.00264}
TRSMU_00_05,GEMM_05_05_00,0.00264,{'TRSMU_00_05GEMM_05_05_00': 0.00264}
TRSMU_00_05,GEMM_10_05_00,0.00264,{'TRSMU_00_05GEMM_10_05_00': 0.00264}
TRSMU_00_05,GEMM_13_05_00,0.00264,{'TRSMU_00_05GEMM_13_05_00': 0.00264}
GEMM_14_10_08,GEMM_14_10_09,0.0050999999999999995,{'GEMM_14_10_08GEMM_14_10_09': 0.0050999999999999995}
TRSML_09_04,GEMM_09_10_04,0.00264,{'TRSML_09_04GEMM_09_10_04': 0.00264}
TRSML_09_04,GEMM_09_05_04,0.00264,{'TRSML_09_04GEMM_09_05_04': 0.00264}
TRSML_09_04,GEMM_09_14_04,0.00264,{'TRSML_09_04GEMM_09_14_04': 0.00264}
TRSML_09_04,GEMM_09_08_04,0.00264,{'TRSML_09_04GEMM_09_08_04': 0.00264}
TRSML_09_04,GEMM_09_13_04,0.00264,{'TRSML_09_04GEMM_09_13_04': 0.00264}
TRSML_09_04,GEMM_09_09_04,0.00264,{'TRSML_09_04GEMM_09_09_04': 0.00264}
TRSML_09_04,GEMM_09_06_04,0.00264,{'TRSML_09_04GEMM_09_06_04': 0.00264}
TRSML_09_04,GEMM_09_11_04,0.00264,{'TRSML_09_04GEMM_09_11_04': 0.00264}
TRSML_09_04,GEMM_09_12_04,0.00264,{'TRSML_09_04GEMM_09_12_04': 0.00264}
TRSML_09_04,GEMM_09_07_04,0.00264,{'TRSML_09_04GEMM_09_07_04': 0.00264}
TRSMU_00_08,GEMM_03_08_00,0.00264,{'TRSMU_00_08GEMM_03_08_00': 0.00264}
TRSMU_00_08,GEMM_05_08_00,0.00264,{'TRSMU_00_08GEMM_05_08_00': 0.00264}
TRSMU_00_08,GEMM_08_08_00,0.00264,{'TRSMU_00_08GEMM_08_08_00': 0.00264}
TRSMU_00_08,GEMM_02_08_00,0.00264,{'TRSMU_00_08GEMM_02_08_00': 0.00264}
TRSMU_00_08,GEMM_11_08_00,0.00264,{'TRSMU_00_08GEMM_11_08_00': 0.00264}
TRSMU_00_08,GEMM_09_08_00,0.00264,{'TRSMU_00_08GEMM_09_08_00': 0.00264}
TRSMU_00_08,GEMM_13_08_00,0.00264,{'TRSMU_00_08GEMM_13_08_00': 0.00264}
TRSMU_00_08,GEMM_06_08_00,0.00264,{'TRSMU_00_08GEMM_06_08_00': 0.00264}
TRSMU_00_08,GEMM_10_08_00,0.00264,{'TRSMU_00_08GEMM_10_08_00': 0.00264}
TRSMU_00_08,GEMM_01_08_00,0.00264,{'TRSMU_00_08GEMM_01_08_00': 0.00264}
TRSMU_00_08,GEMM_14_08_00,0.00264,{'TRSMU_00_08GEMM_14_08_00': 0.00264}
TRSMU_00_08,GEMM_04_08_00,0.00264,{'TRSMU_00_08GEMM_04_08_00': 0.00264}
TRSMU_00_08,GEMM_12_08_00,0.00264,{'TRSMU_00_08GEMM_12_08_00': 0.00264}
TRSMU_00_08,GEMM_07_08_00,0.00264,{'TRSMU_00_08GEMM_07_08_00': 0.00264}
TRSMU_00_09,GEMM_14_09_00,0.00264,{'TRSMU_00_09GEMM_14_09_00': 0.00264}
TRSMU_00_09,GEMM_05_09_00,0.00264,{'TRSMU_00_09GEMM_05_09_00': 0.00264}
TRSMU_00_09,GEMM_07_09_00,0.00264,{'TRSMU_00_09GEMM_07_09_00': 0.00264}
TRSMU_00_09,GEMM_02_09_00,0.00264,{'TRSMU_00_09GEMM_02_09_00': 0.00264}
TRSMU_00_09,GEMM_13_09_00,0.00264,{'TRSMU_00_09GEMM_13_09_00': 0.00264}
TRSMU_00_09,GEMM_03_09_00,0.00264,{'TRSMU_00_09GEMM_03_09_00': 0.00264}
TRSMU_00_09,GEMM_11_09_00,0.00264,{'TRSMU_00_09GEMM_11_09_00': 0.00264}
TRSMU_00_09,GEMM_09_09_00,0.00264,{'TRSMU_00_09GEMM_09_09_00': 0.00264}
TRSMU_00_09,GEMM_04_09_00,0.00264,{'TRSMU_00_09GEMM_04_09_00': 0.00264}
TRSMU_00_09,GEMM_06_09_00,0.00264,{'TRSMU_00_09GEMM_06_09_00': 0.00264}
TRSMU_00_09,GEMM_01_09_00,0.00264,{'TRSMU_00_09GEMM_01_09_00': 0.00264}
TRSMU_00_09,GEMM_12_09_00,0.00264,{'TRSMU_00_09GEMM_12_09_00': 0.00264}
TRSMU_00_09,GEMM_08_09_00,0.00264,{'TRSMU_00_09GEMM_08_09_00': 0.00264}
TRSMU_00_09,GEMM_10_09_00,0.00264,{'TRSMU_00_09GEMM_10_09_00': 0.00264}
TRSML_09_05,GEMM_09_10_05,0.00264,{'TRSML_09_05GEMM_09_10_05': 0.00264}
TRSML_09_05,GEMM_09_08_05,0.00264,{'TRSML_09_05GEMM_09_08_05': 0.00264}
TRSML_09_05,GEMM_09_13_05,0.00264,{'TRSML_09_05GEMM_09_13_05': 0.00264}
TRSML_09_05,GEMM_09_06_05,0.00264,{'TRSML_09_05GEMM_09_06_05': 0.00264}
TRSML_09_05,GEMM_09_09_05,0.00264,{'TRSML_09_05GEMM_09_09_05': 0.00264}
TRSML_09_05,GEMM_09_11_05,0.00264,{'TRSML_09_05GEMM_09_11_05': 0.00264}
TRSML_09_05,GEMM_09_14_05,0.00264,{'TRSML_09_05GEMM_09_14_05': 0.00264}
TRSML_09_05,GEMM_09_12_05,0.00264,{'TRSML_09_05GEMM_09_12_05': 0.00264}
TRSML_09_05,GEMM_09_07_05,0.00264,{'TRSML_09_05GEMM_09_07_05': 0.00264}
GEMM_07_09_06,TRSMU_07_09,0.0050999999999999995,{'GEMM_07_09_06TRSMU_07_09': 0.0050999999999999995}
GEMM_05_07_04,TRSMU_05_07,0.0050999999999999995,{'GEMM_05_07_04TRSMU_05_07': 0.0050999999999999995}
GEMM_07_09_05,GEMM_07_09_06,0.0050999999999999995,{'GEMM_07_09_05GEMM_07_09_06': 0.0050999999999999995}
GEMM_05_07_02,GEMM_05_07_03,0.0050999999999999995,{'GEMM_05_07_02GEMM_05_07_03': 0.0050999999999999995}
GEMM_05_07_03,GEMM_05_07_04,0.0050999999999999995,{'GEMM_05_07_03GEMM_05_07_04': 0.0050999999999999995}
GEMM_07_09_00,GEMM_07_09_01,0.0050999999999999995,{'GEMM_07_09_00GEMM_07_09_01': 0.0050999999999999995}
GEMM_05_07_01,GEMM_05_07_02,0.0050999999999999995,{'GEMM_05_07_01GEMM_05_07_02': 0.0050999999999999995}
TRSML_09_07,GEMM_09_10_07,0.00264,{'TRSML_09_07GEMM_09_10_07': 0.00264}
TRSML_09_07,GEMM_09_08_07,0.00264,{'TRSML_09_07GEMM_09_08_07': 0.00264}
TRSML_09_07,GEMM_09_13_07,0.00264,{'TRSML_09_07GEMM_09_13_07': 0.00264}
TRSML_09_07,GEMM_09_09_07,0.00264,{'TRSML_09_07GEMM_09_09_07': 0.00264}
TRSML_09_07,GEMM_09_11_07,0.00264,{'TRSML_09_07GEMM_09_11_07': 0.00264}
TRSML_09_07,GEMM_09_14_07,0.00264,{'TRSML_09_07GEMM_09_14_07': 0.00264}
TRSML_09_07,GEMM_09_12_07,0.00264,{'TRSML_09_07GEMM_09_12_07': 0.00264}
GEMM_05_13_04,TRSMU_05_13,0.0050999999999999995,{'GEMM_05_13_04TRSMU_05_13': 0.0050999999999999995}
GEMM_05_09_03,GEMM_05_09_04,0.0050999999999999995,{'GEMM_05_09_03GEMM_05_09_04': 0.0050999999999999995}
TRSML_09_08,GEMM_09_10_08,0.00264,{'TRSML_09_08GEMM_09_10_08': 0.00264}
TRSML_09_08,GEMM_09_12_08,0.00264,{'TRSML_09_08GEMM_09_12_08': 0.00264}
TRSML_09_08,GEMM_09_14_08,0.00264,{'TRSML_09_08GEMM_09_14_08': 0.00264}
TRSML_09_08,GEMM_09_11_08,0.00264,{'TRSML_09_08GEMM_09_11_08': 0.00264}
TRSML_09_08,GEMM_09_09_08,0.00264,{'TRSML_09_08GEMM_09_09_08': 0.00264}
TRSML_09_08,GEMM_09_13_08,0.00264,{'TRSML_09_08GEMM_09_13_08': 0.00264}
TRSML_11_10,GEMM_11_12_10,0.00264,{'TRSML_11_10GEMM_11_12_10': 0.00264}
TRSML_11_10,GEMM_11_14_10,0.00264,{'TRSML_11_10GEMM_11_14_10': 0.00264}
TRSML_11_10,GEMM_11_11_10,0.00264,{'TRSML_11_10GEMM_11_11_10': 0.00264}
TRSML_11_10,GEMM_11_13_10,0.00264,{'TRSML_11_10GEMM_11_13_10': 0.00264}
GEMM_14_09_08,TRSML_14_09,0.0050999999999999995,{'GEMM_14_09_08TRSML_14_09': 0.0050999999999999995}
GEMM_10_03_00,GEMM_10_03_01,0.0050999999999999995,{'GEMM_10_03_00GEMM_10_03_01': 0.0050999999999999995}
GEMM_10_03_01,GEMM_10_03_02,0.0050999999999999995,{'GEMM_10_03_01GEMM_10_03_02': 0.0050999999999999995}
GEMM_10_03_02,TRSML_10_03,0.0050999999999999995,{'GEMM_10_03_02TRSML_10_03': 0.0050999999999999995}
TRSMU_02_04,GEMM_13_04_02,0.00264,{'TRSMU_02_04GEMM_13_04_02': 0.00264}
TRSMU_02_04,GEMM_03_04_02,0.00264,{'TRSMU_02_04GEMM_03_04_02': 0.00264}
TRSMU_02_04,GEMM_09_04_02,0.00264,{'TRSMU_02_04GEMM_09_04_02': 0.00264}
TRSMU_02_04,GEMM_06_04_02,0.00264,{'TRSMU_02_04GEMM_06_04_02': 0.00264}
TRSMU_02_04,GEMM_07_04_02,0.00264,{'TRSMU_02_04GEMM_07_04_02': 0.00264}
TRSMU_02_04,GEMM_14_04_02,0.00264,{'TRSMU_02_04GEMM_14_04_02': 0.00264}
TRSMU_02_04,GEMM_08_04_02,0.00264,{'TRSMU_02_04GEMM_08_04_02': 0.00264}
TRSMU_02_04,GEMM_11_04_02,0.00264,{'TRSMU_02_04GEMM_11_04_02': 0.00264}
TRSMU_02_04,GEMM_10_04_02,0.00264,{'TRSMU_02_04GEMM_10_04_02': 0.00264}
TRSMU_02_04,GEMM_05_04_02,0.00264,{'TRSMU_02_04GEMM_05_04_02': 0.00264}
TRSMU_02_04,GEMM_04_04_02,0.00264,{'TRSMU_02_04GEMM_04_04_02': 0.00264}
TRSMU_02_04,GEMM_12_04_02,0.00264,{'TRSMU_02_04GEMM_12_04_02': 0.00264}
TRSMU_02_05,GEMM_12_05_02,0.00264,{'TRSMU_02_05GEMM_12_05_02': 0.00264}
TRSMU_02_05,GEMM_06_05_02,0.00264,{'TRSMU_02_05GEMM_06_05_02': 0.00264}
TRSMU_02_05,GEMM_08_05_02,0.00264,{'TRSMU_02_05GEMM_08_05_02': 0.00264}
TRSMU_02_05,GEMM_03_05_02,0.00264,{'TRSMU_02_05GEMM_03_05_02': 0.00264}
TRSMU_02_05,GEMM_11_05_02,0.00264,{'TRSMU_02_05GEMM_11_05_02': 0.00264}
TRSMU_02_05,GEMM_09_05_02,0.00264,{'TRSMU_02_05GEMM_09_05_02': 0.00264}
TRSMU_02_05,GEMM_07_05_02,0.00264,{'TRSMU_02_05GEMM_07_05_02': 0.00264}
TRSMU_02_05,GEMM_14_05_02,0.00264,{'TRSMU_02_05GEMM_14_05_02': 0.00264}
TRSMU_02_05,GEMM_04_05_02,0.00264,{'TRSMU_02_05GEMM_04_05_02': 0.00264}
TRSMU_02_05,GEMM_10_05_02,0.00264,{'TRSMU_02_05GEMM_10_05_02': 0.00264}
TRSMU_02_05,GEMM_05_05_02,0.00264,{'TRSMU_02_05GEMM_05_05_02': 0.00264}
TRSMU_02_05,GEMM_13_05_02,0.00264,{'TRSMU_02_05GEMM_13_05_02': 0.00264}
TRSMU_02_06,GEMM_07_06_02,0.00264,{'TRSMU_02_06GEMM_07_06_02': 0.00264}
TRSMU_02_06,GEMM_14_06_02,0.00264,{'TRSMU_02_06GEMM_14_06_02': 0.00264}
TRSMU_02_06,GEMM_08_06_02,0.00264,{'TRSMU_02_06GEMM_08_06_02': 0.00264}
TRSMU_02_06,GEMM_12_06_02,0.00264,{'TRSMU_02_06GEMM_12_06_02': 0.00264}
TRSMU_02_06,GEMM_10_06_02,0.00264,{'TRSMU_02_06GEMM_10_06_02': 0.00264}
TRSMU_02_06,GEMM_04_06_02,0.00264,{'TRSMU_02_06GEMM_04_06_02': 0.00264}
TRSMU_02_06,GEMM_09_06_02,0.00264,{'TRSMU_02_06GEMM_09_06_02': 0.00264}
TRSMU_02_06,GEMM_06_06_02,0.00264,{'TRSMU_02_06GEMM_06_06_02': 0.00264}
TRSMU_02_06,GEMM_13_06_02,0.00264,{'TRSMU_02_06GEMM_13_06_02': 0.00264}
TRSMU_02_06,GEMM_11_06_02,0.00264,{'TRSMU_02_06GEMM_11_06_02': 0.00264}
TRSMU_02_06,GEMM_03_06_02,0.00264,{'TRSMU_02_06GEMM_03_06_02': 0.00264}
TRSMU_02_06,GEMM_05_06_02,0.00264,{'TRSMU_02_06GEMM_05_06_02': 0.00264}
TRSMU_02_07,GEMM_08_07_02,0.00264,{'TRSMU_02_07GEMM_08_07_02': 0.00264}
TRSMU_02_07,GEMM_03_07_02,0.00264,{'TRSMU_02_07GEMM_03_07_02': 0.00264}
TRSMU_02_07,GEMM_05_07_02,0.00264,{'TRSMU_02_07GEMM_05_07_02': 0.00264}
TRSMU_02_07,GEMM_07_07_02,0.00264,{'TRSMU_02_07GEMM_07_07_02': 0.00264}
TRSMU_02_07,GEMM_14_07_02,0.00264,{'TRSMU_02_07GEMM_14_07_02': 0.00264}
TRSMU_02_07,GEMM_12_07_02,0.00264,{'TRSMU_02_07GEMM_12_07_02': 0.00264}
TRSMU_02_07,GEMM_04_07_02,0.00264,{'TRSMU_02_07GEMM_04_07_02': 0.00264}
TRSMU_02_07,GEMM_10_07_02,0.00264,{'TRSMU_02_07GEMM_10_07_02': 0.00264}
TRSMU_02_07,GEMM_06_07_02,0.00264,{'TRSMU_02_07GEMM_06_07_02': 0.00264}
TRSMU_02_07,GEMM_13_07_02,0.00264,{'TRSMU_02_07GEMM_13_07_02': 0.00264}
TRSMU_02_07,GEMM_11_07_02,0.00264,{'TRSMU_02_07GEMM_11_07_02': 0.00264}
TRSMU_02_07,GEMM_09_07_02,0.00264,{'TRSMU_02_07GEMM_09_07_02': 0.00264}
GEMM_13_07_05,GEMM_13_07_06,0.0050999999999999995,{'GEMM_13_07_05GEMM_13_07_06': 0.0050999999999999995}
TRSMU_02_03,GEMM_12_03_02,0.00264,{'TRSMU_02_03GEMM_12_03_02': 0.00264}
TRSMU_02_03,GEMM_04_03_02,0.00264,{'TRSMU_02_03GEMM_04_03_02': 0.00264}
TRSMU_02_03,GEMM_06_03_02,0.00264,{'TRSMU_02_03GEMM_06_03_02': 0.00264}
TRSMU_02_03,GEMM_09_03_02,0.00264,{'TRSMU_02_03GEMM_09_03_02': 0.00264}
TRSMU_02_03,GEMM_13_03_02,0.00264,{'TRSMU_02_03GEMM_13_03_02': 0.00264}
TRSMU_02_03,GEMM_11_03_02,0.00264,{'TRSMU_02_03GEMM_11_03_02': 0.00264}
TRSMU_02_03,GEMM_08_03_02,0.00264,{'TRSMU_02_03GEMM_08_03_02': 0.00264}
TRSMU_02_03,GEMM_07_03_02,0.00264,{'TRSMU_02_03GEMM_07_03_02': 0.00264}
TRSMU_02_03,GEMM_03_03_02,0.00264,{'TRSMU_02_03GEMM_03_03_02': 0.00264}
TRSMU_02_03,GEMM_05_03_02,0.00264,{'TRSMU_02_03GEMM_05_03_02': 0.00264}
TRSMU_02_03,GEMM_10_03_02,0.00264,{'TRSMU_02_03GEMM_10_03_02': 0.00264}
TRSMU_02_03,GEMM_14_03_02,0.00264,{'TRSMU_02_03GEMM_14_03_02': 0.00264}
TRSMU_02_08,GEMM_05_08_02,0.00264,{'TRSMU_02_08GEMM_05_08_02': 0.00264}
TRSMU_02_08,GEMM_03_08_02,0.00264,{'TRSMU_02_08GEMM_03_08_02': 0.00264}
TRSMU_02_08,GEMM_08_08_02,0.00264,{'TRSMU_02_08GEMM_08_08_02': 0.00264}
TRSMU_02_08,GEMM_09_08_02,0.00264,{'TRSMU_02_08GEMM_09_08_02': 0.00264}
TRSMU_02_08,GEMM_11_08_02,0.00264,{'TRSMU_02_08GEMM_11_08_02': 0.00264}
TRSMU_02_08,GEMM_13_08_02,0.00264,{'TRSMU_02_08GEMM_13_08_02': 0.00264}
TRSMU_02_08,GEMM_06_08_02,0.00264,{'TRSMU_02_08GEMM_06_08_02': 0.00264}
TRSMU_02_08,GEMM_10_08_02,0.00264,{'TRSMU_02_08GEMM_10_08_02': 0.00264}
TRSMU_02_08,GEMM_04_08_02,0.00264,{'TRSMU_02_08GEMM_04_08_02': 0.00264}
TRSMU_02_08,GEMM_12_08_02,0.00264,{'TRSMU_02_08GEMM_12_08_02': 0.00264}
TRSMU_02_08,GEMM_14_08_02,0.00264,{'TRSMU_02_08GEMM_14_08_02': 0.00264}
TRSMU_02_08,GEMM_07_08_02,0.00264,{'TRSMU_02_08GEMM_07_08_02': 0.00264}
TRSMU_02_09,GEMM_14_09_02,0.00264,{'TRSMU_02_09GEMM_14_09_02': 0.00264}
TRSMU_02_09,GEMM_07_09_02,0.00264,{'TRSMU_02_09GEMM_07_09_02': 0.00264}
TRSMU_02_09,GEMM_05_09_02,0.00264,{'TRSMU_02_09GEMM_05_09_02': 0.00264}
TRSMU_02_09,GEMM_03_09_02,0.00264,{'TRSMU_02_09GEMM_03_09_02': 0.00264}
TRSMU_02_09,GEMM_11_09_02,0.00264,{'TRSMU_02_09GEMM_11_09_02': 0.00264}
TRSMU_02_09,GEMM_13_09_02,0.00264,{'TRSMU_02_09GEMM_13_09_02': 0.00264}
TRSMU_02_09,GEMM_06_09_02,0.00264,{'TRSMU_02_09GEMM_06_09_02': 0.00264}
TRSMU_02_09,GEMM_09_09_02,0.00264,{'TRSMU_02_09GEMM_09_09_02': 0.00264}
TRSMU_02_09,GEMM_04_09_02,0.00264,{'TRSMU_02_09GEMM_04_09_02': 0.00264}
TRSMU_02_09,GEMM_10_09_02,0.00264,{'TRSMU_02_09GEMM_10_09_02': 0.00264}
TRSMU_02_09,GEMM_12_09_02,0.00264,{'TRSMU_02_09GEMM_12_09_02': 0.00264}
TRSMU_02_09,GEMM_08_09_02,0.00264,{'TRSMU_02_09GEMM_08_09_02': 0.00264}
GEMM_06_12_04,GEMM_06_12_05,0.0050999999999999995,{'GEMM_06_12_04GEMM_06_12_05': 0.0050999999999999995}
GEMM_07_11_06,TRSMU_07_11,0.0050999999999999995,{'GEMM_07_11_06TRSMU_07_11': 0.0050999999999999995}
GEMM_06_12_03,GEMM_06_12_04,0.0050999999999999995,{'GEMM_06_12_03GEMM_06_12_04': 0.0050999999999999995}
GEMM_11_09_04,GEMM_11_09_05,0.0050999999999999995,{'GEMM_11_09_04GEMM_11_09_05': 0.0050999999999999995}
TRSMU_08_10,GEMM_13_10_08,0.00264,{'TRSMU_08_10GEMM_13_10_08': 0.00264}
TRSMU_08_10,GEMM_10_10_08,0.00264,{'TRSMU_08_10GEMM_10_10_08': 0.00264}
TRSMU_08_10,GEMM_12_10_08,0.00264,{'TRSMU_08_10GEMM_12_10_08': 0.00264}
TRSMU_08_10,GEMM_09_10_08,0.00264,{'TRSMU_08_10GEMM_09_10_08': 0.00264}
TRSMU_08_10,GEMM_14_10_08,0.00264,{'TRSMU_08_10GEMM_14_10_08': 0.00264}
TRSMU_08_10,GEMM_11_10_08,0.00264,{'TRSMU_08_10GEMM_11_10_08': 0.00264}
GEMM_06_13_04,GEMM_06_13_05,0.0050999999999999995,{'GEMM_06_13_04GEMM_06_13_05': 0.0050999999999999995}
GEMM_09_08_05,GEMM_09_08_06,0.0050999999999999995,{'GEMM_09_08_05GEMM_09_08_06': 0.0050999999999999995}
GEMM_11_09_08,TRSML_11_09,0.0050999999999999995,{'GEMM_11_09_08TRSML_11_09': 0.0050999999999999995}
GEMM_10_01_00,TRSML_10_01,0.0050999999999999995,{'GEMM_10_01_00TRSML_10_01': 0.0050999999999999995}
GEMM_12_12_08,GEMM_12_12_09,0.0050999999999999995,{'GEMM_12_12_08GEMM_12_12_09': 0.0050999999999999995}
TRSMU_08_12,GEMM_11_12_08,0.00264,{'TRSMU_08_12GEMM_11_12_08': 0.00264}
TRSMU_08_12,GEMM_09_12_08,0.00264,{'TRSMU_08_12GEMM_09_12_08': 0.00264}
TRSMU_08_12,GEMM_10_12_08,0.00264,{'TRSMU_08_12GEMM_10_12_08': 0.00264}
TRSMU_08_12,GEMM_14_12_08,0.00264,{'TRSMU_08_12GEMM_14_12_08': 0.00264}
TRSMU_08_12,GEMM_13_12_08,0.00264,{'TRSMU_08_12GEMM_13_12_08': 0.00264}
TRSMU_08_12,GEMM_12_12_08,0.00264,{'TRSMU_08_12GEMM_12_12_08': 0.00264}
GEMM_12_12_09,GEMM_12_12_10,0.0050999999999999995,{'GEMM_12_12_09GEMM_12_12_10': 0.0050999999999999995}
GEMM_10_08_05,GEMM_10_08_06,0.0050999999999999995,{'GEMM_10_08_05GEMM_10_08_06': 0.0050999999999999995}
GEMM_10_08_04,GEMM_10_08_05,0.0050999999999999995,{'GEMM_10_08_04GEMM_10_08_05': 0.0050999999999999995}
GEMM_10_08_07,TRSML_10_08,0.0050999999999999995,{'GEMM_10_08_07TRSML_10_08': 0.0050999999999999995}
GEMM_10_08_06,GEMM_10_08_07,0.0050999999999999995,{'GEMM_10_08_06GEMM_10_08_07': 0.0050999999999999995}
GEMM_10_08_01,GEMM_10_08_02,0.0050999999999999995,{'GEMM_10_08_01GEMM_10_08_02': 0.0050999999999999995}
GEMM_10_08_00,GEMM_10_08_01,0.0050999999999999995,{'GEMM_10_08_00GEMM_10_08_01': 0.0050999999999999995}
GEMM_10_08_03,GEMM_10_08_04,0.0050999999999999995,{'GEMM_10_08_03GEMM_10_08_04': 0.0050999999999999995}
GEMM_10_08_02,GEMM_10_08_03,0.0050999999999999995,{'GEMM_10_08_02GEMM_10_08_03': 0.0050999999999999995}
GEMM_08_09_06,GEMM_08_09_07,0.0050999999999999995,{'GEMM_08_09_06GEMM_08_09_07': 0.0050999999999999995}
GEMM_05_12_04,TRSMU_05_12,0.0050999999999999995,{'GEMM_05_12_04TRSMU_05_12': 0.0050999999999999995}
GEMM_12_13_10,GEMM_12_13_11,0.0050999999999999995,{'GEMM_12_13_10GEMM_12_13_11': 0.0050999999999999995}
GEMM_05_12_00,GEMM_05_12_01,0.0050999999999999995,{'GEMM_05_12_00GEMM_05_12_01': 0.0050999999999999995}
GEMM_05_12_01,GEMM_05_12_02,0.0050999999999999995,{'GEMM_05_12_01GEMM_05_12_02': 0.0050999999999999995}
GEMM_05_12_02,GEMM_05_12_03,0.0050999999999999995,{'GEMM_05_12_02GEMM_05_12_03': 0.0050999999999999995}
GEMM_05_12_03,GEMM_05_12_04,0.0050999999999999995,{'GEMM_05_12_03GEMM_05_12_04': 0.0050999999999999995}
TRSMU_01_05,GEMM_12_05_01,0.00264,{'TRSMU_01_05GEMM_12_05_01': 0.00264}
TRSMU_01_05,GEMM_06_05_01,0.00264,{'TRSMU_01_05GEMM_06_05_01': 0.00264}
TRSMU_01_05,GEMM_08_05_01,0.00264,{'TRSMU_01_05GEMM_08_05_01': 0.00264}
TRSMU_01_05,GEMM_09_05_01,0.00264,{'TRSMU_01_05GEMM_09_05_01': 0.00264}
TRSMU_01_05,GEMM_11_05_01,0.00264,{'TRSMU_01_05GEMM_11_05_01': 0.00264}
TRSMU_01_05,GEMM_03_05_01,0.00264,{'TRSMU_01_05GEMM_03_05_01': 0.00264}
TRSMU_01_05,GEMM_02_05_01,0.00264,{'TRSMU_01_05GEMM_02_05_01': 0.00264}
TRSMU_01_05,GEMM_07_05_01,0.00264,{'TRSMU_01_05GEMM_07_05_01': 0.00264}
TRSMU_01_05,GEMM_04_05_01,0.00264,{'TRSMU_01_05GEMM_04_05_01': 0.00264}
TRSMU_01_05,GEMM_14_05_01,0.00264,{'TRSMU_01_05GEMM_14_05_01': 0.00264}
TRSMU_01_05,GEMM_05_05_01,0.00264,{'TRSMU_01_05GEMM_05_05_01': 0.00264}
TRSMU_01_05,GEMM_10_05_01,0.00264,{'TRSMU_01_05GEMM_10_05_01': 0.00264}
TRSMU_01_05,GEMM_13_05_01,0.00264,{'TRSMU_01_05GEMM_13_05_01': 0.00264}
TRSMU_01_04,GEMM_03_04_01,0.00264,{'TRSMU_01_04GEMM_03_04_01': 0.00264}
TRSMU_01_04,GEMM_13_04_01,0.00264,{'TRSMU_01_04GEMM_13_04_01': 0.00264}
TRSMU_01_04,GEMM_07_04_01,0.00264,{'TRSMU_01_04GEMM_07_04_01': 0.00264}
TRSMU_01_04,GEMM_06_04_01,0.00264,{'TRSMU_01_04GEMM_06_04_01': 0.00264}
TRSMU_01_04,GEMM_09_04_01,0.00264,{'TRSMU_01_04GEMM_09_04_01': 0.00264}
TRSMU_01_04,GEMM_14_04_01,0.00264,{'TRSMU_01_04GEMM_14_04_01': 0.00264}
TRSMU_01_04,GEMM_10_04_01,0.00264,{'TRSMU_01_04GEMM_10_04_01': 0.00264}
TRSMU_01_04,GEMM_11_04_01,0.00264,{'TRSMU_01_04GEMM_11_04_01': 0.00264}
TRSMU_01_04,GEMM_08_04_01,0.00264,{'TRSMU_01_04GEMM_08_04_01': 0.00264}
TRSMU_01_04,GEMM_02_04_01,0.00264,{'TRSMU_01_04GEMM_02_04_01': 0.00264}
TRSMU_01_04,GEMM_05_04_01,0.00264,{'TRSMU_01_04GEMM_05_04_01': 0.00264}
TRSMU_01_04,GEMM_12_04_01,0.00264,{'TRSMU_01_04GEMM_12_04_01': 0.00264}
TRSMU_01_04,GEMM_04_04_01,0.00264,{'TRSMU_01_04GEMM_04_04_01': 0.00264}
TRSMU_01_07,GEMM_03_07_01,0.00264,{'TRSMU_01_07GEMM_03_07_01': 0.00264}
TRSMU_01_07,GEMM_08_07_01,0.00264,{'TRSMU_01_07GEMM_08_07_01': 0.00264}
TRSMU_01_07,GEMM_07_07_01,0.00264,{'TRSMU_01_07GEMM_07_07_01': 0.00264}
TRSMU_01_07,GEMM_05_07_01,0.00264,{'TRSMU_01_07GEMM_05_07_01': 0.00264}
TRSMU_01_07,GEMM_14_07_01,0.00264,{'TRSMU_01_07GEMM_14_07_01': 0.00264}
TRSMU_01_07,GEMM_06_07_01,0.00264,{'TRSMU_01_07GEMM_06_07_01': 0.00264}
TRSMU_01_07,GEMM_10_07_01,0.00264,{'TRSMU_01_07GEMM_10_07_01': 0.00264}
TRSMU_01_07,GEMM_04_07_01,0.00264,{'TRSMU_01_07GEMM_04_07_01': 0.00264}
TRSMU_01_07,GEMM_12_07_01,0.00264,{'TRSMU_01_07GEMM_12_07_01': 0.00264}
TRSMU_01_07,GEMM_11_07_01,0.00264,{'TRSMU_01_07GEMM_11_07_01': 0.00264}
TRSMU_01_07,GEMM_13_07_01,0.00264,{'TRSMU_01_07GEMM_13_07_01': 0.00264}
TRSMU_01_07,GEMM_02_07_01,0.00264,{'TRSMU_01_07GEMM_02_07_01': 0.00264}
TRSMU_01_07,GEMM_09_07_01,0.00264,{'TRSMU_01_07GEMM_09_07_01': 0.00264}
TRSMU_01_06,GEMM_07_06_01,0.00264,{'TRSMU_01_06GEMM_07_06_01': 0.00264}
TRSMU_01_06,GEMM_02_06_01,0.00264,{'TRSMU_01_06GEMM_02_06_01': 0.00264}
TRSMU_01_06,GEMM_12_06_01,0.00264,{'TRSMU_01_06GEMM_12_06_01': 0.00264}
TRSMU_01_06,GEMM_08_06_01,0.00264,{'TRSMU_01_06GEMM_08_06_01': 0.00264}
TRSMU_01_06,GEMM_14_06_01,0.00264,{'TRSMU_01_06GEMM_14_06_01': 0.00264}
TRSMU_01_06,GEMM_10_06_01,0.00264,{'TRSMU_01_06GEMM_10_06_01': 0.00264}
TRSMU_01_06,GEMM_09_06_01,0.00264,{'TRSMU_01_06GEMM_09_06_01': 0.00264}
TRSMU_01_06,GEMM_04_06_01,0.00264,{'TRSMU_01_06GEMM_04_06_01': 0.00264}
TRSMU_01_06,GEMM_06_06_01,0.00264,{'TRSMU_01_06GEMM_06_06_01': 0.00264}
TRSMU_01_06,GEMM_13_06_01,0.00264,{'TRSMU_01_06GEMM_13_06_01': 0.00264}
TRSMU_01_06,GEMM_05_06_01,0.00264,{'TRSMU_01_06GEMM_05_06_01': 0.00264}
TRSMU_01_06,GEMM_03_06_01,0.00264,{'TRSMU_01_06GEMM_03_06_01': 0.00264}
TRSMU_01_06,GEMM_11_06_01,0.00264,{'TRSMU_01_06GEMM_11_06_01': 0.00264}
TRSMU_01_03,GEMM_06_03_01,0.00264,{'TRSMU_01_03GEMM_06_03_01': 0.00264}
TRSMU_01_03,GEMM_04_03_01,0.00264,{'TRSMU_01_03GEMM_04_03_01': 0.00264}
TRSMU_01_03,GEMM_12_03_01,0.00264,{'TRSMU_01_03GEMM_12_03_01': 0.00264}
TRSMU_01_03,GEMM_02_03_01,0.00264,{'TRSMU_01_03GEMM_02_03_01': 0.00264}
TRSMU_01_03,GEMM_09_03_01,0.00264,{'TRSMU_01_03GEMM_09_03_01': 0.00264}
TRSMU_01_03,GEMM_11_03_01,0.00264,{'TRSMU_01_03GEMM_11_03_01': 0.00264}
TRSMU_01_03,GEMM_13_03_01,0.00264,{'TRSMU_01_03GEMM_13_03_01': 0.00264}
TRSMU_01_03,GEMM_08_03_01,0.00264,{'TRSMU_01_03GEMM_08_03_01': 0.00264}
TRSMU_01_03,GEMM_07_03_01,0.00264,{'TRSMU_01_03GEMM_07_03_01': 0.00264}
TRSMU_01_03,GEMM_03_03_01,0.00264,{'TRSMU_01_03GEMM_03_03_01': 0.00264}
TRSMU_01_03,GEMM_10_03_01,0.00264,{'TRSMU_01_03GEMM_10_03_01': 0.00264}
TRSMU_01_03,GEMM_05_03_01,0.00264,{'TRSMU_01_03GEMM_05_03_01': 0.00264}
TRSMU_01_03,GEMM_14_03_01,0.00264,{'TRSMU_01_03GEMM_14_03_01': 0.00264}
TRSMU_01_02,GEMM_04_02_01,0.00264,{'TRSMU_01_02GEMM_04_02_01': 0.00264}
TRSMU_01_02,GEMM_06_02_01,0.00264,{'TRSMU_01_02GEMM_06_02_01': 0.00264}
TRSMU_01_02,GEMM_13_02_01,0.00264,{'TRSMU_01_02GEMM_13_02_01': 0.00264}
TRSMU_01_02,GEMM_07_02_01,0.00264,{'TRSMU_01_02GEMM_07_02_01': 0.00264}
TRSMU_01_02,GEMM_02_02_01,0.00264,{'TRSMU_01_02GEMM_02_02_01': 0.00264}
TRSMU_01_02,GEMM_05_02_01,0.00264,{'TRSMU_01_02GEMM_05_02_01': 0.00264}
TRSMU_01_02,GEMM_08_02_01,0.00264,{'TRSMU_01_02GEMM_08_02_01': 0.00264}
TRSMU_01_02,GEMM_03_02_01,0.00264,{'TRSMU_01_02GEMM_03_02_01': 0.00264}
TRSMU_01_02,GEMM_11_02_01,0.00264,{'TRSMU_01_02GEMM_11_02_01': 0.00264}
TRSMU_01_02,GEMM_10_02_01,0.00264,{'TRSMU_01_02GEMM_10_02_01': 0.00264}
TRSMU_01_02,GEMM_12_02_01,0.00264,{'TRSMU_01_02GEMM_12_02_01': 0.00264}
TRSMU_01_02,GEMM_14_02_01,0.00264,{'TRSMU_01_02GEMM_14_02_01': 0.00264}
TRSMU_01_02,GEMM_09_02_01,0.00264,{'TRSMU_01_02GEMM_09_02_01': 0.00264}
GEMM_01_09_00,TRSMU_01_09,0.0050999999999999995,{'GEMM_01_09_00TRSMU_01_09': 0.0050999999999999995}
GEMM_10_12_04,GEMM_10_12_05,0.0050999999999999995,{'GEMM_10_12_04GEMM_10_12_05': 0.0050999999999999995}
TRSMU_01_09,GEMM_14_09_01,0.00264,{'TRSMU_01_09GEMM_14_09_01': 0.00264}
TRSMU_01_09,GEMM_05_09_01,0.00264,{'TRSMU_01_09GEMM_05_09_01': 0.00264}
TRSMU_01_09,GEMM_02_09_01,0.00264,{'TRSMU_01_09GEMM_02_09_01': 0.00264}
TRSMU_01_09,GEMM_07_09_01,0.00264,{'TRSMU_01_09GEMM_07_09_01': 0.00264}
TRSMU_01_09,GEMM_13_09_01,0.00264,{'TRSMU_01_09GEMM_13_09_01': 0.00264}
TRSMU_01_09,GEMM_11_09_01,0.00264,{'TRSMU_01_09GEMM_11_09_01': 0.00264}
TRSMU_01_09,GEMM_03_09_01,0.00264,{'TRSMU_01_09GEMM_03_09_01': 0.00264}
TRSMU_01_09,GEMM_04_09_01,0.00264,{'TRSMU_01_09GEMM_04_09_01': 0.00264}
TRSMU_01_09,GEMM_09_09_01,0.00264,{'TRSMU_01_09GEMM_09_09_01': 0.00264}
TRSMU_01_09,GEMM_06_09_01,0.00264,{'TRSMU_01_09GEMM_06_09_01': 0.00264}
TRSMU_01_09,GEMM_08_09_01,0.00264,{'TRSMU_01_09GEMM_08_09_01': 0.00264}
TRSMU_01_09,GEMM_12_09_01,0.00264,{'TRSMU_01_09GEMM_12_09_01': 0.00264}
TRSMU_01_09,GEMM_10_09_01,0.00264,{'TRSMU_01_09GEMM_10_09_01': 0.00264}
TRSMU_01_08,GEMM_03_08_01,0.00264,{'TRSMU_01_08GEMM_03_08_01': 0.00264}
TRSMU_01_08,GEMM_05_08_01,0.00264,{'TRSMU_01_08GEMM_05_08_01': 0.00264}
TRSMU_01_08,GEMM_08_08_01,0.00264,{'TRSMU_01_08GEMM_08_08_01': 0.00264}
TRSMU_01_08,GEMM_02_08_01,0.00264,{'TRSMU_01_08GEMM_02_08_01': 0.00264}
TRSMU_01_08,GEMM_11_08_01,0.00264,{'TRSMU_01_08GEMM_11_08_01': 0.00264}
TRSMU_01_08,GEMM_09_08_01,0.00264,{'TRSMU_01_08GEMM_09_08_01': 0.00264}
TRSMU_01_08,GEMM_13_08_01,0.00264,{'TRSMU_01_08GEMM_13_08_01': 0.00264}
TRSMU_01_08,GEMM_10_08_01,0.00264,{'TRSMU_01_08GEMM_10_08_01': 0.00264}
TRSMU_01_08,GEMM_06_08_01,0.00264,{'TRSMU_01_08GEMM_06_08_01': 0.00264}
TRSMU_01_08,GEMM_14_08_01,0.00264,{'TRSMU_01_08GEMM_14_08_01': 0.00264}
TRSMU_01_08,GEMM_12_08_01,0.00264,{'TRSMU_01_08GEMM_12_08_01': 0.00264}
TRSMU_01_08,GEMM_04_08_01,0.00264,{'TRSMU_01_08GEMM_04_08_01': 0.00264}
TRSMU_01_08,GEMM_07_08_01,0.00264,{'TRSMU_01_08GEMM_07_08_01': 0.00264}
GEMM_13_09_07,GEMM_13_09_08,0.0050999999999999995,{'GEMM_13_09_07GEMM_13_09_08': 0.0050999999999999995}
TRSML_10_07,GEMM_10_10_07,0.00264,{'TRSML_10_07GEMM_10_10_07': 0.00264}
TRSML_10_07,GEMM_10_11_07,0.00264,{'TRSML_10_07GEMM_10_11_07': 0.00264}
TRSML_10_07,GEMM_10_08_07,0.00264,{'TRSML_10_07GEMM_10_08_07': 0.00264}
TRSML_10_07,GEMM_10_13_07,0.00264,{'TRSML_10_07GEMM_10_13_07': 0.00264}
TRSML_10_07,GEMM_10_09_07,0.00264,{'TRSML_10_07GEMM_10_09_07': 0.00264}
TRSML_10_07,GEMM_10_12_07,0.00264,{'TRSML_10_07GEMM_10_12_07': 0.00264}
TRSML_10_07,GEMM_10_14_07,0.00264,{'TRSML_10_07GEMM_10_14_07': 0.00264}
GEMM_09_07_05,GEMM_09_07_06,0.0050999999999999995,{'GEMM_09_07_05GEMM_09_07_06': 0.0050999999999999995}
TRSMU_05_12,GEMM_06_12_05,0.00264,{'TRSMU_05_12GEMM_06_12_05': 0.00264}
TRSMU_05_12,GEMM_11_12_05,0.00264,{'TRSMU_05_12GEMM_11_12_05': 0.00264}
TRSMU_05_12,GEMM_08_12_05,0.00264,{'TRSMU_05_12GEMM_08_12_05': 0.00264}
TRSMU_05_12,GEMM_12_12_05,0.00264,{'TRSMU_05_12GEMM_12_12_05': 0.00264}
TRSMU_05_12,GEMM_13_12_05,0.00264,{'TRSMU_05_12GEMM_13_12_05': 0.00264}
TRSMU_05_12,GEMM_07_12_05,0.00264,{'TRSMU_05_12GEMM_07_12_05': 0.00264}
TRSMU_05_12,GEMM_14_12_05,0.00264,{'TRSMU_05_12GEMM_14_12_05': 0.00264}
TRSMU_05_12,GEMM_09_12_05,0.00264,{'TRSMU_05_12GEMM_09_12_05': 0.00264}
TRSMU_05_12,GEMM_10_12_05,0.00264,{'TRSMU_05_12GEMM_10_12_05': 0.00264}
GEMM_12_11_10,TRSML_12_11,0.0050999999999999995,{'GEMM_12_11_10TRSML_12_11': 0.0050999999999999995}
GEMM_07_14_04,GEMM_07_14_05,0.0050999999999999995,{'GEMM_07_14_04GEMM_07_14_05': 0.0050999999999999995}
GEMM_09_09_02,GEMM_09_09_03,0.0050999999999999995,{'GEMM_09_09_02GEMM_09_09_03': 0.0050999999999999995}
GEMM_06_11_04,GEMM_06_11_05,0.0050999999999999995,{'GEMM_06_11_04GEMM_06_11_05': 0.0050999999999999995}
GEMM_05_05_00,GEMM_05_05_01,0.0050999999999999995,{'GEMM_05_05_00GEMM_05_05_01': 0.0050999999999999995}
GEMM_06_11_02,GEMM_06_11_03,0.0050999999999999995,{'GEMM_06_11_02GEMM_06_11_03': 0.0050999999999999995}
GEMM_06_11_03,GEMM_06_11_04,0.0050999999999999995,{'GEMM_06_11_03GEMM_06_11_04': 0.0050999999999999995}
GEMM_06_11_00,GEMM_06_11_01,0.0050999999999999995,{'GEMM_06_11_00GEMM_06_11_01': 0.0050999999999999995}
GEMM_10_02_00,GEMM_10_02_01,0.0050999999999999995,{'GEMM_10_02_00GEMM_10_02_01': 0.0050999999999999995}
TRSML_10_09,GEMM_10_13_09,0.00264,{'TRSML_10_09GEMM_10_13_09': 0.00264}
TRSML_10_09,GEMM_10_14_09,0.00264,{'TRSML_10_09GEMM_10_14_09': 0.00264}
TRSML_10_09,GEMM_10_11_09,0.00264,{'TRSML_10_09GEMM_10_11_09': 0.00264}
TRSML_10_09,GEMM_10_12_09,0.00264,{'TRSML_10_09GEMM_10_12_09': 0.00264}
TRSML_10_09,GEMM_10_10_09,0.00264,{'TRSML_10_09GEMM_10_10_09': 0.00264}
GEMM_13_06_03,GEMM_13_06_04,0.0050999999999999995,{'GEMM_13_06_03GEMM_13_06_04': 0.0050999999999999995}
GEMM_14_14_13,GETRF_14,0.0050999999999999995,{'GEMM_14_14_13GETRF_14': 0.0050999999999999995}
GEMM_14_14_12,GEMM_14_14_13,0.0050999999999999995,{'GEMM_14_14_12GEMM_14_14_13': 0.0050999999999999995}
GEMM_09_08_07,TRSML_09_08,0.0050999999999999995,{'GEMM_09_08_07TRSML_09_08': 0.0050999999999999995}
GEMM_14_14_10,GEMM_14_14_11,0.0050999999999999995,{'GEMM_14_14_10GEMM_14_14_11': 0.0050999999999999995}
GEMM_07_14_05,GEMM_07_14_06,0.0050999999999999995,{'GEMM_07_14_05GEMM_07_14_06': 0.0050999999999999995}
GEMM_13_06_02,GEMM_13_06_03,0.0050999999999999995,{'GEMM_13_06_02GEMM_13_06_03': 0.0050999999999999995}
GEMM_13_12_10,GEMM_13_12_11,0.0050999999999999995,{'GEMM_13_12_10GEMM_13_12_11': 0.0050999999999999995}
GEMM_06_05_04,TRSML_06_05,0.0050999999999999995,{'GEMM_06_05_04TRSML_06_05': 0.0050999999999999995}
TRSML_14_10,GEMM_14_11_10,0.00264,{'TRSML_14_10GEMM_14_11_10': 0.00264}
TRSML_14_10,GEMM_14_14_10,0.00264,{'TRSML_14_10GEMM_14_14_10': 0.00264}
TRSML_14_10,GEMM_14_12_10,0.00264,{'TRSML_14_10GEMM_14_12_10': 0.00264}
TRSML_14_10,GEMM_14_13_10,0.00264,{'TRSML_14_10GEMM_14_13_10': 0.00264}
GEMM_11_14_08,GEMM_11_14_09,0.0050999999999999995,{'GEMM_11_14_08GEMM_11_14_09': 0.0050999999999999995}
GEMM_06_08_04,GEMM_06_08_05,0.0050999999999999995,{'GEMM_06_08_04GEMM_06_08_05': 0.0050999999999999995}
GEMM_06_08_05,TRSMU_06_08,0.0050999999999999995,{'GEMM_06_08_05TRSMU_06_08': 0.0050999999999999995}
GEMM_05_13_03,GEMM_05_13_04,0.0050999999999999995,{'GEMM_05_13_03GEMM_05_13_04': 0.0050999999999999995}
GEMM_05_13_02,GEMM_05_13_03,0.0050999999999999995,{'GEMM_05_13_02GEMM_05_13_03': 0.0050999999999999995}
GEMM_05_13_01,GEMM_05_13_02,0.0050999999999999995,{'GEMM_05_13_01GEMM_05_13_02': 0.0050999999999999995}
GEMM_05_13_00,GEMM_05_13_01,0.0050999999999999995,{'GEMM_05_13_00GEMM_05_13_01': 0.0050999999999999995}
GEMM_08_03_02,TRSML_08_03,0.0050999999999999995,{'GEMM_08_03_02TRSML_08_03': 0.0050999999999999995}
GEMM_08_03_01,GEMM_08_03_02,0.0050999999999999995,{'GEMM_08_03_01GEMM_08_03_02': 0.0050999999999999995}
GEMM_08_03_00,GEMM_08_03_01,0.0050999999999999995,{'GEMM_08_03_00GEMM_08_03_01': 0.0050999999999999995}
GEMM_04_08_02,GEMM_04_08_03,0.0050999999999999995,{'GEMM_04_08_02GEMM_04_08_03': 0.0050999999999999995}
GEMM_14_05_03,GEMM_14_05_04,0.0050999999999999995,{'GEMM_14_05_03GEMM_14_05_04': 0.0050999999999999995}
GEMM_09_13_07,GEMM_09_13_08,0.0050999999999999995,{'GEMM_09_13_07GEMM_09_13_08': 0.0050999999999999995}
GEMM_13_12_06,GEMM_13_12_07,0.0050999999999999995,{'GEMM_13_12_06GEMM_13_12_07': 0.0050999999999999995}
GEMM_11_13_04,GEMM_11_13_05,0.0050999999999999995,{'GEMM_11_13_04GEMM_11_13_05': 0.0050999999999999995}
TRSMU_05_14,GEMM_14_14_05,0.00264,{'TRSMU_05_14GEMM_14_14_05': 0.00264}
TRSMU_05_14,GEMM_06_14_05,0.00264,{'TRSMU_05_14GEMM_06_14_05': 0.00264}
TRSMU_05_14,GEMM_08_14_05,0.00264,{'TRSMU_05_14GEMM_08_14_05': 0.00264}
TRSMU_05_14,GEMM_12_14_05,0.00264,{'TRSMU_05_14GEMM_12_14_05': 0.00264}
TRSMU_05_14,GEMM_11_14_05,0.00264,{'TRSMU_05_14GEMM_11_14_05': 0.00264}
TRSMU_05_14,GEMM_13_14_05,0.00264,{'TRSMU_05_14GEMM_13_14_05': 0.00264}
TRSMU_05_14,GEMM_07_14_05,0.00264,{'TRSMU_05_14GEMM_07_14_05': 0.00264}
TRSMU_05_14,GEMM_10_14_05,0.00264,{'TRSMU_05_14GEMM_10_14_05': 0.00264}
TRSMU_05_14,GEMM_09_14_05,0.00264,{'TRSMU_05_14GEMM_09_14_05': 0.00264}
GEMM_10_09_05,GEMM_10_09_06,0.0050999999999999995,{'GEMM_10_09_05GEMM_10_09_06': 0.0050999999999999995}
TRSMU_05_13,GEMM_07_13_05,0.00264,{'TRSMU_05_13GEMM_07_13_05': 0.00264}
TRSMU_05_13,GEMM_06_13_05,0.00264,{'TRSMU_05_13GEMM_06_13_05': 0.00264}
TRSMU_05_13,GEMM_14_13_05,0.00264,{'TRSMU_05_13GEMM_14_13_05': 0.00264}
TRSMU_05_13,GEMM_09_13_05,0.00264,{'TRSMU_05_13GEMM_09_13_05': 0.00264}
TRSMU_05_13,GEMM_10_13_05,0.00264,{'TRSMU_05_13GEMM_10_13_05': 0.00264}
TRSMU_05_13,GEMM_11_13_05,0.00264,{'TRSMU_05_13GEMM_11_13_05': 0.00264}
TRSMU_05_13,GEMM_12_13_05,0.00264,{'TRSMU_05_13GEMM_12_13_05': 0.00264}
TRSMU_05_13,GEMM_08_13_05,0.00264,{'TRSMU_05_13GEMM_08_13_05': 0.00264}
TRSMU_05_13,GEMM_13_13_05,0.00264,{'TRSMU_05_13GEMM_13_13_05': 0.00264}
TRSMU_05_10,GEMM_07_10_05,0.00264,{'TRSMU_05_10GEMM_07_10_05': 0.00264}
TRSMU_05_10,GEMM_09_10_05,0.00264,{'TRSMU_05_10GEMM_09_10_05': 0.00264}
TRSMU_05_10,GEMM_12_10_05,0.00264,{'TRSMU_05_10GEMM_12_10_05': 0.00264}
TRSMU_05_10,GEMM_06_10_05,0.00264,{'TRSMU_05_10GEMM_06_10_05': 0.00264}
TRSMU_05_10,GEMM_10_10_05,0.00264,{'TRSMU_05_10GEMM_10_10_05': 0.00264}
TRSMU_05_10,GEMM_08_10_05,0.00264,{'TRSMU_05_10GEMM_08_10_05': 0.00264}
TRSMU_05_10,GEMM_13_10_05,0.00264,{'TRSMU_05_10GEMM_13_10_05': 0.00264}
TRSMU_05_10,GEMM_11_10_05,0.00264,{'TRSMU_05_10GEMM_11_10_05': 0.00264}
TRSMU_05_10,GEMM_14_10_05,0.00264,{'TRSMU_05_10GEMM_14_10_05': 0.00264}
TRSMU_05_11,GEMM_07_11_05,0.00264,{'TRSMU_05_11GEMM_07_11_05': 0.00264}
TRSMU_05_11,GEMM_13_11_05,0.00264,{'TRSMU_05_11GEMM_13_11_05': 0.00264}
TRSMU_05_11,GEMM_14_11_05,0.00264,{'TRSMU_05_11GEMM_14_11_05': 0.00264}
TRSMU_05_11,GEMM_10_11_05,0.00264,{'TRSMU_05_11GEMM_10_11_05': 0.00264}
TRSMU_05_11,GEMM_06_11_05,0.00264,{'TRSMU_05_11GEMM_06_11_05': 0.00264}
TRSMU_05_11,GEMM_08_11_05,0.00264,{'TRSMU_05_11GEMM_08_11_05': 0.00264}
TRSMU_05_11,GEMM_09_11_05,0.00264,{'TRSMU_05_11GEMM_09_11_05': 0.00264}
TRSMU_05_11,GEMM_11_11_05,0.00264,{'TRSMU_05_11GEMM_11_11_05': 0.00264}
TRSMU_05_11,GEMM_12_11_05,0.00264,{'TRSMU_05_11GEMM_12_11_05': 0.00264}
GEMM_14_06_05,TRSML_14_06,0.0050999999999999995,{'GEMM_14_06_05TRSML_14_06': 0.0050999999999999995}
GEMM_14_06_04,GEMM_14_06_05,0.0050999999999999995,{'GEMM_14_06_04GEMM_14_06_05': 0.0050999999999999995}
GEMM_14_06_03,GEMM_14_06_04,0.0050999999999999995,{'GEMM_14_06_03GEMM_14_06_04': 0.0050999999999999995}
GEMM_14_06_02,GEMM_14_06_03,0.0050999999999999995,{'GEMM_14_06_02GEMM_14_06_03': 0.0050999999999999995}
GEMM_14_06_01,GEMM_14_06_02,0.0050999999999999995,{'GEMM_14_06_01GEMM_14_06_02': 0.0050999999999999995}
GEMM_14_06_00,GEMM_14_06_01,0.0050999999999999995,{'GEMM_14_06_00GEMM_14_06_01': 0.0050999999999999995}
GEMM_09_05_04,TRSML_09_05,0.0050999999999999995,{'GEMM_09_05_04TRSML_09_05': 0.0050999999999999995}
GEMM_11_13_07,GEMM_11_13_08,0.0050999999999999995,{'GEMM_11_13_07GEMM_11_13_08': 0.0050999999999999995}
GEMM_09_05_00,GEMM_09_05_01,0.0050999999999999995,{'GEMM_09_05_00GEMM_09_05_01': 0.0050999999999999995}
GEMM_09_05_01,GEMM_09_05_02,0.0050999999999999995,{'GEMM_09_05_01GEMM_09_05_02': 0.0050999999999999995}
GEMM_09_05_02,GEMM_09_05_03,0.0050999999999999995,{'GEMM_09_05_02GEMM_09_05_03': 0.0050999999999999995}
GEMM_09_05_03,GEMM_09_05_04,0.0050999999999999995,{'GEMM_09_05_03GEMM_09_05_04': 0.0050999999999999995}
GEMM_05_11_01,GEMM_05_11_02,0.0050999999999999995,{'GEMM_05_11_01GEMM_05_11_02': 0.0050999999999999995}
GEMM_05_11_00,GEMM_05_11_01,0.0050999999999999995,{'GEMM_05_11_00GEMM_05_11_01': 0.0050999999999999995}
GEMM_05_11_03,GEMM_05_11_04,0.0050999999999999995,{'GEMM_05_11_03GEMM_05_11_04': 0.0050999999999999995}
GEMM_05_11_02,GEMM_05_11_03,0.0050999999999999995,{'GEMM_05_11_02GEMM_05_11_03': 0.0050999999999999995}
GEMM_14_13_01,GEMM_14_13_02,0.0050999999999999995,{'GEMM_14_13_01GEMM_14_13_02': 0.0050999999999999995}
GEMM_14_13_00,GEMM_14_13_01,0.0050999999999999995,{'GEMM_14_13_00GEMM_14_13_01': 0.0050999999999999995}
GEMM_14_13_03,GEMM_14_13_04,0.0050999999999999995,{'GEMM_14_13_03GEMM_14_13_04': 0.0050999999999999995}
GEMM_14_13_02,GEMM_14_13_03,0.0050999999999999995,{'GEMM_14_13_02GEMM_14_13_03': 0.0050999999999999995}
GEMM_14_13_09,GEMM_14_13_10,0.0050999999999999995,{'GEMM_14_13_09GEMM_14_13_10': 0.0050999999999999995}
GEMM_14_13_08,GEMM_14_13_09,0.0050999999999999995,{'GEMM_14_13_08GEMM_14_13_09': 0.0050999999999999995}
GEMM_12_07_06,TRSML_12_07,0.0050999999999999995,{'GEMM_12_07_06TRSML_12_07': 0.0050999999999999995}
TRSMU_07_10,GEMM_09_10_07,0.00264,{'TRSMU_07_10GEMM_09_10_07': 0.00264}
TRSMU_07_10,GEMM_12_10_07,0.00264,{'TRSMU_07_10GEMM_12_10_07': 0.00264}
TRSMU_07_10,GEMM_08_10_07,0.00264,{'TRSMU_07_10GEMM_08_10_07': 0.00264}
TRSMU_07_10,GEMM_10_10_07,0.00264,{'TRSMU_07_10GEMM_10_10_07': 0.00264}
TRSMU_07_10,GEMM_13_10_07,0.00264,{'TRSMU_07_10GEMM_13_10_07': 0.00264}
TRSMU_07_10,GEMM_11_10_07,0.00264,{'TRSMU_07_10GEMM_11_10_07': 0.00264}
TRSMU_07_10,GEMM_14_10_07,0.00264,{'TRSMU_07_10GEMM_14_10_07': 0.00264}
GEMM_14_13_05,GEMM_14_13_06,0.0050999999999999995,{'GEMM_14_13_05GEMM_14_13_06': 0.0050999999999999995}
TRSMU_07_12,GEMM_11_12_07,0.00264,{'TRSMU_07_12GEMM_11_12_07': 0.00264}
TRSMU_07_12,GEMM_08_12_07,0.00264,{'TRSMU_07_12GEMM_08_12_07': 0.00264}
TRSMU_07_12,GEMM_12_12_07,0.00264,{'TRSMU_07_12GEMM_12_12_07': 0.00264}
TRSMU_07_12,GEMM_13_12_07,0.00264,{'TRSMU_07_12GEMM_13_12_07': 0.00264}
TRSMU_07_12,GEMM_14_12_07,0.00264,{'TRSMU_07_12GEMM_14_12_07': 0.00264}
TRSMU_07_12,GEMM_10_12_07,0.00264,{'TRSMU_07_12GEMM_10_12_07': 0.00264}
TRSMU_07_12,GEMM_09_12_07,0.00264,{'TRSMU_07_12GEMM_09_12_07': 0.00264}
TRSMU_07_13,GEMM_09_13_07,0.00264,{'TRSMU_07_13GEMM_09_13_07': 0.00264}
TRSMU_07_13,GEMM_14_13_07,0.00264,{'TRSMU_07_13GEMM_14_13_07': 0.00264}
TRSMU_07_13,GEMM_12_13_07,0.00264,{'TRSMU_07_13GEMM_12_13_07': 0.00264}
TRSMU_07_13,GEMM_10_13_07,0.00264,{'TRSMU_07_13GEMM_10_13_07': 0.00264}
TRSMU_07_13,GEMM_11_13_07,0.00264,{'TRSMU_07_13GEMM_11_13_07': 0.00264}
TRSMU_07_13,GEMM_08_13_07,0.00264,{'TRSMU_07_13GEMM_08_13_07': 0.00264}
TRSMU_07_13,GEMM_13_13_07,0.00264,{'TRSMU_07_13GEMM_13_13_07': 0.00264}
GEMM_09_08_04,GEMM_09_08_05,0.0050999999999999995,{'GEMM_09_08_04GEMM_09_08_05': 0.0050999999999999995}
GEMM_14_13_04,GEMM_14_13_05,0.0050999999999999995,{'GEMM_14_13_04GEMM_14_13_05': 0.0050999999999999995}
GEMM_10_11_03,GEMM_10_11_04,0.0050999999999999995,{'GEMM_10_11_03GEMM_10_11_04': 0.0050999999999999995}
GEMM_10_11_02,GEMM_10_11_03,0.0050999999999999995,{'GEMM_10_11_02GEMM_10_11_03': 0.0050999999999999995}
GEMM_10_11_01,GEMM_10_11_02,0.0050999999999999995,{'GEMM_10_11_01GEMM_10_11_02': 0.0050999999999999995}
GEMM_10_11_00,GEMM_10_11_01,0.0050999999999999995,{'GEMM_10_11_00GEMM_10_11_01': 0.0050999999999999995}
GEMM_10_11_07,GEMM_10_11_08,0.0050999999999999995,{'GEMM_10_11_07GEMM_10_11_08': 0.0050999999999999995}
GEMM_10_11_06,GEMM_10_11_07,0.0050999999999999995,{'GEMM_10_11_06GEMM_10_11_07': 0.0050999999999999995}
GEMM_10_11_05,GEMM_10_11_06,0.0050999999999999995,{'GEMM_10_11_05GEMM_10_11_06': 0.0050999999999999995}
GEMM_10_11_04,GEMM_10_11_05,0.0050999999999999995,{'GEMM_10_11_04GEMM_10_11_05': 0.0050999999999999995}
GEMM_14_13_06,GEMM_14_13_07,0.0050999999999999995,{'GEMM_14_13_06GEMM_14_13_07': 0.0050999999999999995}
GETRF_09,TRSML_13_09,0.0009899999999999998,{'GETRF_09TRSML_13_09': 0.0009899999999999998}
GETRF_09,TRSML_10_09,0.0009899999999999998,{'GETRF_09TRSML_10_09': 0.0009899999999999998}
GETRF_09,TRSML_11_09,0.0009899999999999998,{'GETRF_09TRSML_11_09': 0.0009899999999999998}
GETRF_09,TRSMU_09_12,0.0009899999999999998,{'GETRF_09TRSMU_09_12': 0.0009899999999999998}
GETRF_09,TRSMU_09_13,0.0009899999999999998,{'GETRF_09TRSMU_09_13': 0.0009899999999999998}
GETRF_09,TRSMU_09_10,0.0009899999999999998,{'GETRF_09TRSMU_09_10': 0.0009899999999999998}
GETRF_09,TRSMU_09_11,0.0009899999999999998,{'GETRF_09TRSMU_09_11': 0.0009899999999999998}
GETRF_09,TRSMU_09_14,0.0009899999999999998,{'GETRF_09TRSMU_09_14': 0.0009899999999999998}
GETRF_09,TRSML_12_09,0.0009899999999999998,{'GETRF_09TRSML_12_09': 0.0009899999999999998}
GETRF_09,TRSML_14_09,0.0009899999999999998,{'GETRF_09TRSML_14_09': 0.0009899999999999998}
TRSMU_03_09,GEMM_14_09_03,0.00264,{'TRSMU_03_09GEMM_14_09_03': 0.00264}
TRSMU_03_09,GEMM_07_09_03,0.00264,{'TRSMU_03_09GEMM_07_09_03': 0.00264}
TRSMU_03_09,GEMM_05_09_03,0.00264,{'TRSMU_03_09GEMM_05_09_03': 0.00264}
TRSMU_03_09,GEMM_11_09_03,0.00264,{'TRSMU_03_09GEMM_11_09_03': 0.00264}
TRSMU_03_09,GEMM_13_09_03,0.00264,{'TRSMU_03_09GEMM_13_09_03': 0.00264}
TRSMU_03_09,GEMM_06_09_03,0.00264,{'TRSMU_03_09GEMM_06_09_03': 0.00264}
TRSMU_03_09,GEMM_04_09_03,0.00264,{'TRSMU_03_09GEMM_04_09_03': 0.00264}
TRSMU_03_09,GEMM_09_09_03,0.00264,{'TRSMU_03_09GEMM_09_09_03': 0.00264}
TRSMU_03_09,GEMM_10_09_03,0.00264,{'TRSMU_03_09GEMM_10_09_03': 0.00264}
TRSMU_03_09,GEMM_08_09_03,0.00264,{'TRSMU_03_09GEMM_08_09_03': 0.00264}
TRSMU_03_09,GEMM_12_09_03,0.00264,{'TRSMU_03_09GEMM_12_09_03': 0.00264}
GEMM_13_10_02,GEMM_13_10_03,0.0050999999999999995,{'GEMM_13_10_02GEMM_13_10_03': 0.0050999999999999995}
GEMM_05_10_02,GEMM_05_10_03,0.0050999999999999995,{'GEMM_05_10_02GEMM_05_10_03': 0.0050999999999999995}
TRSMU_03_06,GEMM_07_06_03,0.00264,{'TRSMU_03_06GEMM_07_06_03': 0.00264}
TRSMU_03_06,GEMM_14_06_03,0.00264,{'TRSMU_03_06GEMM_14_06_03': 0.00264}
TRSMU_03_06,GEMM_12_06_03,0.00264,{'TRSMU_03_06GEMM_12_06_03': 0.00264}
TRSMU_03_06,GEMM_08_06_03,0.00264,{'TRSMU_03_06GEMM_08_06_03': 0.00264}
TRSMU_03_06,GEMM_10_06_03,0.00264,{'TRSMU_03_06GEMM_10_06_03': 0.00264}
TRSMU_03_06,GEMM_09_06_03,0.00264,{'TRSMU_03_06GEMM_09_06_03': 0.00264}
TRSMU_03_06,GEMM_04_06_03,0.00264,{'TRSMU_03_06GEMM_04_06_03': 0.00264}
TRSMU_03_06,GEMM_06_06_03,0.00264,{'TRSMU_03_06GEMM_06_06_03': 0.00264}
TRSMU_03_06,GEMM_13_06_03,0.00264,{'TRSMU_03_06GEMM_13_06_03': 0.00264}
TRSMU_03_06,GEMM_11_06_03,0.00264,{'TRSMU_03_06GEMM_11_06_03': 0.00264}
TRSMU_03_06,GEMM_05_06_03,0.00264,{'TRSMU_03_06GEMM_05_06_03': 0.00264}
GEMM_05_10_00,GEMM_05_10_01,0.0050999999999999995,{'GEMM_05_10_00GEMM_05_10_01': 0.0050999999999999995}
GEMM_05_10_01,GEMM_05_10_02,0.0050999999999999995,{'GEMM_05_10_01GEMM_05_10_02': 0.0050999999999999995}
TRSMU_12_13,GEMM_13_13_12,0.00264,{'TRSMU_12_13GEMM_13_13_12': 0.00264}
TRSMU_12_13,GEMM_14_13_12,0.00264,{'TRSMU_12_13GEMM_14_13_12': 0.00264}
GEMM_05_10_04,TRSMU_05_10,0.0050999999999999995,{'GEMM_05_10_04TRSMU_05_10': 0.0050999999999999995}
GEMM_05_11_04,TRSMU_05_11,0.0050999999999999995,{'GEMM_05_11_04TRSMU_05_11': 0.0050999999999999995}
GEMM_14_14_11,GEMM_14_14_12,0.0050999999999999995,{'GEMM_14_14_11GEMM_14_14_12': 0.0050999999999999995}
TRSML_11_07,GEMM_11_12_07,0.00264,{'TRSML_11_07GEMM_11_12_07': 0.00264}
TRSML_11_07,GEMM_11_08_07,0.00264,{'TRSML_11_07GEMM_11_08_07': 0.00264}
TRSML_11_07,GEMM_11_09_07,0.00264,{'TRSML_11_07GEMM_11_09_07': 0.00264}
TRSML_11_07,GEMM_11_14_07,0.00264,{'TRSML_11_07GEMM_11_14_07': 0.00264}
TRSML_11_07,GEMM_11_10_07,0.00264,{'TRSML_11_07GEMM_11_10_07': 0.00264}
TRSML_11_07,GEMM_11_13_07,0.00264,{'TRSML_11_07GEMM_11_13_07': 0.00264}
TRSML_11_07,GEMM_11_11_07,0.00264,{'TRSML_11_07GEMM_11_11_07': 0.00264}
GEMM_06_02_00,GEMM_06_02_01,0.0050999999999999995,{'GEMM_06_02_00GEMM_06_02_01': 0.0050999999999999995}
GEMM_06_02_01,TRSML_06_02,0.0050999999999999995,{'GEMM_06_02_01TRSML_06_02': 0.0050999999999999995}
GEMM_09_09_07,GEMM_09_09_08,0.0050999999999999995,{'GEMM_09_09_07GEMM_09_09_08': 0.0050999999999999995}
GEMM_05_02_01,TRSML_05_02,0.0050999999999999995,{'GEMM_05_02_01TRSML_05_02': 0.0050999999999999995}
GEMM_05_02_00,GEMM_05_02_01,0.0050999999999999995,{'GEMM_05_02_00GEMM_05_02_01': 0.0050999999999999995}
GEMM_10_13_03,GEMM_10_13_04,0.0050999999999999995,{'GEMM_10_13_03GEMM_10_13_04': 0.0050999999999999995}
GEMM_10_13_02,GEMM_10_13_03,0.0050999999999999995,{'GEMM_10_13_02GEMM_10_13_03': 0.0050999999999999995}
GEMM_10_13_05,GEMM_10_13_06,0.0050999999999999995,{'GEMM_10_13_05GEMM_10_13_06': 0.0050999999999999995}
GEMM_10_13_04,GEMM_10_13_05,0.0050999999999999995,{'GEMM_10_13_04GEMM_10_13_05': 0.0050999999999999995}
GEMM_10_13_07,GEMM_10_13_08,0.0050999999999999995,{'GEMM_10_13_07GEMM_10_13_08': 0.0050999999999999995}
GEMM_10_13_06,GEMM_10_13_07,0.0050999999999999995,{'GEMM_10_13_06GEMM_10_13_07': 0.0050999999999999995}
GEMM_10_13_09,TRSMU_10_13,0.0050999999999999995,{'GEMM_10_13_09TRSMU_10_13': 0.0050999999999999995}
GEMM_10_13_08,GEMM_10_13_09,0.0050999999999999995,{'GEMM_10_13_08GEMM_10_13_09': 0.0050999999999999995}
GEMM_12_12_11,GETRF_12,0.0050999999999999995,{'GEMM_12_12_11GETRF_12': 0.0050999999999999995}
GEMM_13_10_04,GEMM_13_10_05,0.0050999999999999995,{'GEMM_13_10_04GEMM_13_10_05': 0.0050999999999999995}
GEMM_07_09_02,GEMM_07_09_03,0.0050999999999999995,{'GEMM_07_09_02GEMM_07_09_03': 0.0050999999999999995}
GEMM_14_09_02,GEMM_14_09_03,0.0050999999999999995,{'GEMM_14_09_02GEMM_14_09_03': 0.0050999999999999995}
GEMM_14_09_03,GEMM_14_09_04,0.0050999999999999995,{'GEMM_14_09_03GEMM_14_09_04': 0.0050999999999999995}
GEMM_14_09_00,GEMM_14_09_01,0.0050999999999999995,{'GEMM_14_09_00GEMM_14_09_01': 0.0050999999999999995}
GEMM_14_09_01,GEMM_14_09_02,0.0050999999999999995,{'GEMM_14_09_01GEMM_14_09_02': 0.0050999999999999995}
GEMM_14_09_06,GEMM_14_09_07,0.0050999999999999995,{'GEMM_14_09_06GEMM_14_09_07': 0.0050999999999999995}
GEMM_14_09_07,GEMM_14_09_08,0.0050999999999999995,{'GEMM_14_09_07GEMM_14_09_08': 0.0050999999999999995}
GEMM_14_09_04,GEMM_14_09_05,0.0050999999999999995,{'GEMM_14_09_04GEMM_14_09_05': 0.0050999999999999995}
GEMM_14_09_05,GEMM_14_09_06,0.0050999999999999995,{'GEMM_14_09_05GEMM_14_09_06': 0.0050999999999999995}
GETRF_03,TRSML_13_03,0.0009899999999999998,{'GETRF_03TRSML_13_03': 0.0009899999999999998}
GETRF_03,TRSML_12_03,0.0009899999999999998,{'GETRF_03TRSML_12_03': 0.0009899999999999998}
GETRF_03,TRSML_07_03,0.0009899999999999998,{'GETRF_03TRSML_07_03': 0.0009899999999999998}
GETRF_03,TRSML_09_03,0.0009899999999999998,{'GETRF_03TRSML_09_03': 0.0009899999999999998}
GETRF_03,TRSML_11_03,0.0009899999999999998,{'GETRF_03TRSML_11_03': 0.0009899999999999998}
GETRF_03,TRSMU_03_14,0.0009899999999999998,{'GETRF_03TRSMU_03_14': 0.0009899999999999998}
GETRF_03,TRSMU_03_10,0.0009899999999999998,{'GETRF_03TRSMU_03_10': 0.0009899999999999998}
GETRF_03,TRSMU_03_11,0.0009899999999999998,{'GETRF_03TRSMU_03_11': 0.0009899999999999998}
GETRF_03,TRSMU_03_12,0.0009899999999999998,{'GETRF_03TRSMU_03_12': 0.0009899999999999998}
GETRF_03,TRSMU_03_13,0.0009899999999999998,{'GETRF_03TRSMU_03_13': 0.0009899999999999998}
GETRF_03,TRSML_04_03,0.0009899999999999998,{'GETRF_03TRSML_04_03': 0.0009899999999999998}
GETRF_03,TRSML_08_03,0.0009899999999999998,{'GETRF_03TRSML_08_03': 0.0009899999999999998}
GETRF_03,TRSML_05_03,0.0009899999999999998,{'GETRF_03TRSML_05_03': 0.0009899999999999998}
GETRF_03,TRSML_10_03,0.0009899999999999998,{'GETRF_03TRSML_10_03': 0.0009899999999999998}
GETRF_03,TRSML_06_03,0.0009899999999999998,{'GETRF_03TRSML_06_03': 0.0009899999999999998}
GETRF_03,TRSML_14_03,0.0009899999999999998,{'GETRF_03TRSML_14_03': 0.0009899999999999998}
GETRF_03,TRSMU_03_09,0.0009899999999999998,{'GETRF_03TRSMU_03_09': 0.0009899999999999998}
GETRF_03,TRSMU_03_08,0.0009899999999999998,{'GETRF_03TRSMU_03_08': 0.0009899999999999998}
GETRF_03,TRSMU_03_07,0.0009899999999999998,{'GETRF_03TRSMU_03_07': 0.0009899999999999998}
GETRF_03,TRSMU_03_06,0.0009899999999999998,{'GETRF_03TRSMU_03_06': 0.0009899999999999998}
GETRF_03,TRSMU_03_05,0.0009899999999999998,{'GETRF_03TRSMU_03_05': 0.0009899999999999998}
GETRF_03,TRSMU_03_04,0.0009899999999999998,{'GETRF_03TRSMU_03_04': 0.0009899999999999998}
GETRF_02,TRSMU_02_04,0.0009899999999999998,{'GETRF_02TRSMU_02_04': 0.0009899999999999998}
GETRF_02,TRSMU_02_05,0.0009899999999999998,{'GETRF_02TRSMU_02_05': 0.0009899999999999998}
GETRF_02,TRSMU_02_06,0.0009899999999999998,{'GETRF_02TRSMU_02_06': 0.0009899999999999998}
GETRF_02,TRSMU_02_07,0.0009899999999999998,{'GETRF_02TRSMU_02_07': 0.0009899999999999998}
GETRF_02,TRSMU_02_03,0.0009899999999999998,{'GETRF_02TRSMU_02_03': 0.0009899999999999998}
GETRF_02,TRSMU_02_08,0.0009899999999999998,{'GETRF_02TRSMU_02_08': 0.0009899999999999998}
GETRF_02,TRSMU_02_09,0.0009899999999999998,{'GETRF_02TRSMU_02_09': 0.0009899999999999998}
GETRF_02,TRSML_12_02,0.0009899999999999998,{'GETRF_02TRSML_12_02': 0.0009899999999999998}
GETRF_02,TRSML_07_02,0.0009899999999999998,{'GETRF_02TRSML_07_02': 0.0009899999999999998}
GETRF_02,TRSML_09_02,0.0009899999999999998,{'GETRF_02TRSML_09_02': 0.0009899999999999998}
GETRF_02,TRSML_11_02,0.0009899999999999998,{'GETRF_02TRSML_11_02': 0.0009899999999999998}
GETRF_02,TRSML_03_02,0.0009899999999999998,{'GETRF_02TRSML_03_02': 0.0009899999999999998}
GETRF_02,TRSMU_02_14,0.0009899999999999998,{'GETRF_02TRSMU_02_14': 0.0009899999999999998}
GETRF_02,TRSMU_02_13,0.0009899999999999998,{'GETRF_02TRSMU_02_13': 0.0009899999999999998}
GETRF_02,TRSMU_02_12,0.0009899999999999998,{'GETRF_02TRSMU_02_12': 0.0009899999999999998}
GETRF_02,TRSMU_02_11,0.0009899999999999998,{'GETRF_02TRSMU_02_11': 0.0009899999999999998}
GETRF_02,TRSMU_02_10,0.0009899999999999998,{'GETRF_02TRSMU_02_10': 0.0009899999999999998}
GETRF_02,TRSML_04_02,0.0009899999999999998,{'GETRF_02TRSML_04_02': 0.0009899999999999998}
GETRF_02,TRSML_13_02,0.0009899999999999998,{'GETRF_02TRSML_13_02': 0.0009899999999999998}
GETRF_02,TRSML_05_02,0.0009899999999999998,{'GETRF_02TRSML_05_02': 0.0009899999999999998}
GETRF_02,TRSML_10_02,0.0009899999999999998,{'GETRF_02TRSML_10_02': 0.0009899999999999998}
GETRF_02,TRSML_06_02,0.0009899999999999998,{'GETRF_02TRSML_06_02': 0.0009899999999999998}
GETRF_02,TRSML_14_02,0.0009899999999999998,{'GETRF_02TRSML_14_02': 0.0009899999999999998}
GETRF_02,TRSML_08_02,0.0009899999999999998,{'GETRF_02TRSML_08_02': 0.0009899999999999998}
GEMM_09_04_01,GEMM_09_04_02,0.0050999999999999995,{'GEMM_09_04_01GEMM_09_04_02': 0.0050999999999999995}
GETRF_00,TRSML_02_00,0.0009899999999999998,{'GETRF_00TRSML_02_00': 0.0009899999999999998}
GETRF_00,TRSML_13_00,0.0009899999999999998,{'GETRF_00TRSML_13_00': 0.0009899999999999998}
GETRF_00,TRSML_12_00,0.0009899999999999998,{'GETRF_00TRSML_12_00': 0.0009899999999999998}
GETRF_00,TRSMU_00_14,0.0009899999999999998,{'GETRF_00TRSMU_00_14': 0.0009899999999999998}
GETRF_00,TRSMU_00_11,0.0009899999999999998,{'GETRF_00TRSMU_00_11': 0.0009899999999999998}
GETRF_00,TRSMU_00_10,0.0009899999999999998,{'GETRF_00TRSMU_00_10': 0.0009899999999999998}
GETRF_00,TRSMU_00_13,0.0009899999999999998,{'GETRF_00TRSMU_00_13': 0.0009899999999999998}
GETRF_00,TRSMU_00_12,0.0009899999999999998,{'GETRF_00TRSMU_00_12': 0.0009899999999999998}
GETRF_00,TRSML_09_00,0.0009899999999999998,{'GETRF_00TRSML_09_00': 0.0009899999999999998}
GETRF_00,TRSML_07_00,0.0009899999999999998,{'GETRF_00TRSML_07_00': 0.0009899999999999998}
GETRF_00,TRSML_11_00,0.0009899999999999998,{'GETRF_00TRSML_11_00': 0.0009899999999999998}
GETRF_00,TRSML_03_00,0.0009899999999999998,{'GETRF_00TRSML_03_00': 0.0009899999999999998}
GETRF_00,TRSML_01_00,0.0009899999999999998,{'GETRF_00TRSML_01_00': 0.0009899999999999998}
GETRF_00,TRSML_04_00,0.0009899999999999998,{'GETRF_00TRSML_04_00': 0.0009899999999999998}
GETRF_00,TRSMU_00_02,0.0009899999999999998,{'GETRF_00TRSMU_00_02': 0.0009899999999999998}
GETRF_00,TRSMU_00_03,0.0009899999999999998,{'GETRF_00TRSMU_00_03': 0.0009899999999999998}
GETRF_00,TRSMU_00_01,0.0009899999999999998,{'GETRF_00TRSMU_00_01': 0.0009899999999999998}
GETRF_00,TRSML_05_00,0.0009899999999999998,{'GETRF_00TRSML_05_00': 0.0009899999999999998}
GETRF_00,TRSMU_00_07,0.0009899999999999998,{'GETRF_00TRSMU_00_07': 0.0009899999999999998}
GETRF_00,TRSMU_00_04,0.0009899999999999998,{'GETRF_00TRSMU_00_04': 0.0009899999999999998}
GETRF_00,TRSMU_00_05,0.0009899999999999998,{'GETRF_00TRSMU_00_05': 0.0009899999999999998}
GETRF_00,TRSMU_00_08,0.0009899999999999998,{'GETRF_00TRSMU_00_08': 0.0009899999999999998}
GETRF_00,TRSMU_00_09,0.0009899999999999998,{'GETRF_00TRSMU_00_09': 0.0009899999999999998}
GETRF_00,TRSML_10_00,0.0009899999999999998,{'GETRF_00TRSML_10_00': 0.0009899999999999998}
GETRF_00,TRSML_06_00,0.0009899999999999998,{'GETRF_00TRSML_06_00': 0.0009899999999999998}
GETRF_00,TRSML_14_00,0.0009899999999999998,{'GETRF_00TRSML_14_00': 0.0009899999999999998}
GETRF_00,TRSMU_00_06,0.0009899999999999998,{'GETRF_00TRSMU_00_06': 0.0009899999999999998}
GETRF_00,TRSML_08_00,0.0009899999999999998,{'GETRF_00TRSML_08_00': 0.0009899999999999998}
GETRF_07,TRSMU_07_10,0.0009899999999999998,{'GETRF_07TRSMU_07_10': 0.0009899999999999998}
GETRF_07,TRSMU_07_11,0.0009899999999999998,{'GETRF_07TRSMU_07_11': 0.0009899999999999998}
GETRF_07,TRSML_11_07,0.0009899999999999998,{'GETRF_07TRSML_11_07': 0.0009899999999999998}
GETRF_07,TRSMU_07_13,0.0009899999999999998,{'GETRF_07TRSMU_07_13': 0.0009899999999999998}
GETRF_07,TRSMU_07_14,0.0009899999999999998,{'GETRF_07TRSMU_07_14': 0.0009899999999999998}
GETRF_07,TRSML_10_07,0.0009899999999999998,{'GETRF_07TRSML_10_07': 0.0009899999999999998}
GETRF_07,TRSML_09_07,0.0009899999999999998,{'GETRF_07TRSML_09_07': 0.0009899999999999998}
GETRF_07,TRSML_13_07,0.0009899999999999998,{'GETRF_07TRSML_13_07': 0.0009899999999999998}
GETRF_07,TRSMU_07_09,0.0009899999999999998,{'GETRF_07TRSMU_07_09': 0.0009899999999999998}
GETRF_07,TRSMU_07_08,0.0009899999999999998,{'GETRF_07TRSMU_07_08': 0.0009899999999999998}
GETRF_07,TRSMU_07_12,0.0009899999999999998,{'GETRF_07TRSMU_07_12': 0.0009899999999999998}
GETRF_07,TRSML_14_07,0.0009899999999999998,{'GETRF_07TRSML_14_07': 0.0009899999999999998}
GETRF_07,TRSML_12_07,0.0009899999999999998,{'GETRF_07TRSML_12_07': 0.0009899999999999998}
GETRF_07,TRSML_08_07,0.0009899999999999998,{'GETRF_07TRSML_08_07': 0.0009899999999999998}
GEMM_09_13_05,GEMM_09_13_06,0.0050999999999999995,{'GEMM_09_13_05GEMM_09_13_06': 0.0050999999999999995}
GETRF_05,TRSML_06_05,0.0009899999999999998,{'GETRF_05TRSML_06_05': 0.0009899999999999998}
GETRF_05,TRSML_11_05,0.0009899999999999998,{'GETRF_05TRSML_11_05': 0.0009899999999999998}
GETRF_05,TRSML_09_05,0.0009899999999999998,{'GETRF_05TRSML_09_05': 0.0009899999999999998}
GETRF_05,TRSML_10_05,0.0009899999999999998,{'GETRF_05TRSML_10_05': 0.0009899999999999998}
GETRF_05,TRSML_13_05,0.0009899999999999998,{'GETRF_05TRSML_13_05': 0.0009899999999999998}
GETRF_05,TRSML_07_05,0.0009899999999999998,{'GETRF_05TRSML_07_05': 0.0009899999999999998}
GETRF_05,TRSMU_05_10,0.0009899999999999998,{'GETRF_05TRSMU_05_10': 0.0009899999999999998}
GETRF_05,TRSMU_05_09,0.0009899999999999998,{'GETRF_05TRSMU_05_09': 0.0009899999999999998}
GETRF_05,TRSML_12_05,0.0009899999999999998,{'GETRF_05TRSML_12_05': 0.0009899999999999998}
GETRF_05,TRSML_14_05,0.0009899999999999998,{'GETRF_05TRSML_14_05': 0.0009899999999999998}
GETRF_05,TRSMU_05_07,0.0009899999999999998,{'GETRF_05TRSMU_05_07': 0.0009899999999999998}
GETRF_05,TRSMU_05_08,0.0009899999999999998,{'GETRF_05TRSMU_05_08': 0.0009899999999999998}
GETRF_05,TRSMU_05_14,0.0009899999999999998,{'GETRF_05TRSMU_05_14': 0.0009899999999999998}
GETRF_05,TRSMU_05_11,0.0009899999999999998,{'GETRF_05TRSMU_05_11': 0.0009899999999999998}
GETRF_05,TRSMU_05_12,0.0009899999999999998,{'GETRF_05TRSMU_05_12': 0.0009899999999999998}
GETRF_05,TRSMU_05_13,0.0009899999999999998,{'GETRF_05TRSMU_05_13': 0.0009899999999999998}
GETRF_05,TRSML_08_05,0.0009899999999999998,{'GETRF_05TRSML_08_05': 0.0009899999999999998}
GETRF_05,TRSMU_05_06,0.0009899999999999998,{'GETRF_05TRSMU_05_06': 0.0009899999999999998}
GEMM_01_13_00,TRSMU_01_13,0.0050999999999999995,{'GEMM_01_13_00TRSMU_01_13': 0.0050999999999999995}
GEMM_13_07_03,GEMM_13_07_04,0.0050999999999999995,{'GEMM_13_07_03GEMM_13_07_04': 0.0050999999999999995}
GEMM_09_14_08,TRSMU_09_14,0.0050999999999999995,{'GEMM_09_14_08TRSMU_09_14': 0.0050999999999999995}
GEMM_09_13_04,GEMM_09_13_05,0.0050999999999999995,{'GEMM_09_13_04GEMM_09_13_05': 0.0050999999999999995}
GEMM_11_13_10,TRSMU_11_13,0.0050999999999999995,{'GEMM_11_13_10TRSMU_11_13': 0.0050999999999999995}
GEMM_09_14_02,GEMM_09_14_03,0.0050999999999999995,{'GEMM_09_14_02GEMM_09_14_03': 0.0050999999999999995}
GEMM_09_14_03,GEMM_09_14_04,0.0050999999999999995,{'GEMM_09_14_03GEMM_09_14_04': 0.0050999999999999995}
GEMM_09_14_00,GEMM_09_14_01,0.0050999999999999995,{'GEMM_09_14_00GEMM_09_14_01': 0.0050999999999999995}
GEMM_09_14_01,GEMM_09_14_02,0.0050999999999999995,{'GEMM_09_14_01GEMM_09_14_02': 0.0050999999999999995}
GEMM_09_14_06,GEMM_09_14_07,0.0050999999999999995,{'GEMM_09_14_06GEMM_09_14_07': 0.0050999999999999995}
GEMM_09_14_07,GEMM_09_14_08,0.0050999999999999995,{'GEMM_09_14_07GEMM_09_14_08': 0.0050999999999999995}
GEMM_09_14_04,GEMM_09_14_05,0.0050999999999999995,{'GEMM_09_14_04GEMM_09_14_05': 0.0050999999999999995}
GEMM_02_01_00,TRSML_02_01,0.0050999999999999995,{'GEMM_02_01_00TRSML_02_01': 0.0050999999999999995}
GEMM_14_08_06,GEMM_14_08_07,0.0050999999999999995,{'GEMM_14_08_06GEMM_14_08_07': 0.0050999999999999995}
GEMM_07_14_06,TRSMU_07_14,0.0050999999999999995,{'GEMM_07_14_06TRSMU_07_14': 0.0050999999999999995}
TRSML_06_04,GEMM_06_05_04,0.00264,{'TRSML_06_04GEMM_06_05_04': 0.00264}
TRSML_06_04,GEMM_06_14_04,0.00264,{'TRSML_06_04GEMM_06_14_04': 0.00264}
TRSML_06_04,GEMM_06_07_04,0.00264,{'TRSML_06_04GEMM_06_07_04': 0.00264}
TRSML_06_04,GEMM_06_09_04,0.00264,{'TRSML_06_04GEMM_06_09_04': 0.00264}
TRSML_06_04,GEMM_06_13_04,0.00264,{'TRSML_06_04GEMM_06_13_04': 0.00264}
TRSML_06_04,GEMM_06_11_04,0.00264,{'TRSML_06_04GEMM_06_11_04': 0.00264}
TRSML_06_04,GEMM_06_08_04,0.00264,{'TRSML_06_04GEMM_06_08_04': 0.00264}
TRSML_06_04,GEMM_06_06_04,0.00264,{'TRSML_06_04GEMM_06_06_04': 0.00264}
TRSML_06_04,GEMM_06_12_04,0.00264,{'TRSML_06_04GEMM_06_12_04': 0.00264}
TRSML_06_04,GEMM_06_10_04,0.00264,{'TRSML_06_04GEMM_06_10_04': 0.00264}
GEMM_14_07_00,GEMM_14_07_01,0.0050999999999999995,{'GEMM_14_07_00GEMM_14_07_01': 0.0050999999999999995}
GEMM_14_07_01,GEMM_14_07_02,0.0050999999999999995,{'GEMM_14_07_01GEMM_14_07_02': 0.0050999999999999995}
GEMM_14_07_02,GEMM_14_07_03,0.0050999999999999995,{'GEMM_14_07_02GEMM_14_07_03': 0.0050999999999999995}
GEMM_14_07_03,GEMM_14_07_04,0.0050999999999999995,{'GEMM_14_07_03GEMM_14_07_04': 0.0050999999999999995}
GEMM_14_07_04,GEMM_14_07_05,0.0050999999999999995,{'GEMM_14_07_04GEMM_14_07_05': 0.0050999999999999995}
GEMM_14_07_05,GEMM_14_07_06,0.0050999999999999995,{'GEMM_14_07_05GEMM_14_07_06': 0.0050999999999999995}
GEMM_14_07_06,TRSML_14_07,0.0050999999999999995,{'GEMM_14_07_06TRSML_14_07': 0.0050999999999999995}
GEMM_08_02_00,GEMM_08_02_01,0.0050999999999999995,{'GEMM_08_02_00GEMM_08_02_01': 0.0050999999999999995}
GEMM_08_02_01,TRSML_08_02,0.0050999999999999995,{'GEMM_08_02_01TRSML_08_02': 0.0050999999999999995}
GEMM_09_06_03,GEMM_09_06_04,0.0050999999999999995,{'GEMM_09_06_03GEMM_09_06_04': 0.0050999999999999995}
GEMM_09_06_02,GEMM_09_06_03,0.0050999999999999995,{'GEMM_09_06_02GEMM_09_06_03': 0.0050999999999999995}
GEMM_09_06_05,TRSML_09_06,0.0050999999999999995,{'GEMM_09_06_05TRSML_09_06': 0.0050999999999999995}
GEMM_09_06_04,GEMM_09_06_05,0.0050999999999999995,{'GEMM_09_06_04GEMM_09_06_05': 0.0050999999999999995}
GEMM_14_12_08,GEMM_14_12_09,0.0050999999999999995,{'GEMM_14_12_08GEMM_14_12_09': 0.0050999999999999995}
GEMM_14_12_09,GEMM_14_12_10,0.0050999999999999995,{'GEMM_14_12_09GEMM_14_12_10': 0.0050999999999999995}
GEMM_14_12_06,GEMM_14_12_07,0.0050999999999999995,{'GEMM_14_12_06GEMM_14_12_07': 0.0050999999999999995}
GEMM_14_12_07,GEMM_14_12_08,0.0050999999999999995,{'GEMM_14_12_07GEMM_14_12_08': 0.0050999999999999995}
GEMM_14_12_04,GEMM_14_12_05,0.0050999999999999995,{'GEMM_14_12_04GEMM_14_12_05': 0.0050999999999999995}
GEMM_14_12_05,GEMM_14_12_06,0.0050999999999999995,{'GEMM_14_12_05GEMM_14_12_06': 0.0050999999999999995}
GEMM_14_12_02,GEMM_14_12_03,0.0050999999999999995,{'GEMM_14_12_02GEMM_14_12_03': 0.0050999999999999995}
GEMM_10_12_00,GEMM_10_12_01,0.0050999999999999995,{'GEMM_10_12_00GEMM_10_12_01': 0.0050999999999999995}
GEMM_14_12_00,GEMM_14_12_01,0.0050999999999999995,{'GEMM_14_12_00GEMM_14_12_01': 0.0050999999999999995}
GEMM_14_12_01,GEMM_14_12_02,0.0050999999999999995,{'GEMM_14_12_01GEMM_14_12_02': 0.0050999999999999995}
GEMM_06_03_01,GEMM_06_03_02,0.0050999999999999995,{'GEMM_06_03_01GEMM_06_03_02': 0.0050999999999999995}
GEMM_06_03_00,GEMM_06_03_01,0.0050999999999999995,{'GEMM_06_03_00GEMM_06_03_01': 0.0050999999999999995}
GEMM_10_12_01,GEMM_10_12_02,0.0050999999999999995,{'GEMM_10_12_01GEMM_10_12_02': 0.0050999999999999995}
GEMM_02_03_01,TRSMU_02_03,0.0050999999999999995,{'GEMM_02_03_01TRSMU_02_03': 0.0050999999999999995}
GEMM_02_03_00,GEMM_02_03_01,0.0050999999999999995,{'GEMM_02_03_00GEMM_02_03_01': 0.0050999999999999995}
TRSML_12_05,GEMM_12_06_05,0.00264,{'TRSML_12_05GEMM_12_06_05': 0.00264}
TRSML_12_05,GEMM_12_14_05,0.00264,{'TRSML_12_05GEMM_12_14_05': 0.00264}
TRSML_12_05,GEMM_12_10_05,0.00264,{'TRSML_12_05GEMM_12_10_05': 0.00264}
TRSML_12_05,GEMM_12_07_05,0.00264,{'TRSML_12_05GEMM_12_07_05': 0.00264}
TRSML_12_05,GEMM_12_12_05,0.00264,{'TRSML_12_05GEMM_12_12_05': 0.00264}
TRSML_12_05,GEMM_12_13_05,0.00264,{'TRSML_12_05GEMM_12_13_05': 0.00264}
TRSML_12_05,GEMM_12_09_05,0.00264,{'TRSML_12_05GEMM_12_09_05': 0.00264}
TRSML_12_05,GEMM_12_11_05,0.00264,{'TRSML_12_05GEMM_12_11_05': 0.00264}
TRSML_12_05,GEMM_12_08_05,0.00264,{'TRSML_12_05GEMM_12_08_05': 0.00264}
GEMM_14_11_10,TRSML_14_11,0.0050999999999999995,{'GEMM_14_11_10TRSML_14_11': 0.0050999999999999995}
GEMM_12_04_03,TRSML_12_04,0.0050999999999999995,{'GEMM_12_04_03TRSML_12_04': 0.0050999999999999995}
GEMM_11_14_01,GEMM_11_14_02,0.0050999999999999995,{'GEMM_11_14_01GEMM_11_14_02': 0.0050999999999999995}
GEMM_08_12_07,TRSMU_08_12,0.0050999999999999995,{'GEMM_08_12_07TRSMU_08_12': 0.0050999999999999995}
GEMM_11_06_03,GEMM_11_06_04,0.0050999999999999995,{'GEMM_11_06_03GEMM_11_06_04': 0.0050999999999999995}
TRSML_12_07,GEMM_12_10_07,0.00264,{'TRSML_12_07GEMM_12_10_07': 0.00264}
TRSML_12_07,GEMM_12_14_07,0.00264,{'TRSML_12_07GEMM_12_14_07': 0.00264}
TRSML_12_07,GEMM_12_12_07,0.00264,{'TRSML_12_07GEMM_12_12_07': 0.00264}
TRSML_12_07,GEMM_12_13_07,0.00264,{'TRSML_12_07GEMM_12_13_07': 0.00264}
TRSML_12_07,GEMM_12_09_07,0.00264,{'TRSML_12_07GEMM_12_09_07': 0.00264}
TRSML_12_07,GEMM_12_08_07,0.00264,{'TRSML_12_07GEMM_12_08_07': 0.00264}
TRSML_12_07,GEMM_12_11_07,0.00264,{'TRSML_12_07GEMM_12_11_07': 0.00264}
GEMM_12_04_01,GEMM_12_04_02,0.0050999999999999995,{'GEMM_12_04_01GEMM_12_04_02': 0.0050999999999999995}
GEMM_09_07_02,GEMM_09_07_03,0.0050999999999999995,{'GEMM_09_07_02GEMM_09_07_03': 0.0050999999999999995}
TRSML_12_00,GEMM_12_05_00,0.00264,{'TRSML_12_00GEMM_12_05_00': 0.00264}
TRSML_12_00,GEMM_12_03_00,0.00264,{'TRSML_12_00GEMM_12_03_00': 0.00264}
TRSML_12_00,GEMM_12_06_00,0.00264,{'TRSML_12_00GEMM_12_06_00': 0.00264}
TRSML_12_00,GEMM_12_10_00,0.00264,{'TRSML_12_00GEMM_12_10_00': 0.00264}
TRSML_12_00,GEMM_12_07_00,0.00264,{'TRSML_12_00GEMM_12_07_00': 0.00264}
TRSML_12_00,GEMM_12_13_00,0.00264,{'TRSML_12_00GEMM_12_13_00': 0.00264}
TRSML_12_00,GEMM_12_01_00,0.00264,{'TRSML_12_00GEMM_12_01_00': 0.00264}
TRSML_12_00,GEMM_12_14_00,0.00264,{'TRSML_12_00GEMM_12_14_00': 0.00264}
TRSML_12_00,GEMM_12_11_00,0.00264,{'TRSML_12_00GEMM_12_11_00': 0.00264}
TRSML_12_00,GEMM_12_12_00,0.00264,{'TRSML_12_00GEMM_12_12_00': 0.00264}
TRSML_12_00,GEMM_12_02_00,0.00264,{'TRSML_12_00GEMM_12_02_00': 0.00264}
TRSML_12_00,GEMM_12_08_00,0.00264,{'TRSML_12_00GEMM_12_08_00': 0.00264}
TRSML_12_00,GEMM_12_09_00,0.00264,{'TRSML_12_00GEMM_12_09_00': 0.00264}
TRSML_12_00,GEMM_12_04_00,0.00264,{'TRSML_12_00GEMM_12_04_00': 0.00264}
GEMM_09_07_00,GEMM_09_07_01,0.0050999999999999995,{'GEMM_09_07_00GEMM_09_07_01': 0.0050999999999999995}
GEMM_11_06_01,GEMM_11_06_02,0.0050999999999999995,{'GEMM_11_06_01GEMM_11_06_02': 0.0050999999999999995}
GEMM_09_07_06,TRSML_09_07,0.0050999999999999995,{'GEMM_09_07_06TRSML_09_07': 0.0050999999999999995}
GEMM_09_07_04,GEMM_09_07_05,0.0050999999999999995,{'GEMM_09_07_04GEMM_09_07_05': 0.0050999999999999995}
TRSML_12_01,GEMM_12_05_01,0.00264,{'TRSML_12_01GEMM_12_05_01': 0.00264}
TRSML_12_01,GEMM_12_03_01,0.00264,{'TRSML_12_01GEMM_12_03_01': 0.00264}
TRSML_12_01,GEMM_12_06_01,0.00264,{'TRSML_12_01GEMM_12_06_01': 0.00264}
TRSML_12_01,GEMM_12_07_01,0.00264,{'TRSML_12_01GEMM_12_07_01': 0.00264}
TRSML_12_01,GEMM_12_11_01,0.00264,{'TRSML_12_01GEMM_12_11_01': 0.00264}
TRSML_12_01,GEMM_12_13_01,0.00264,{'TRSML_12_01GEMM_12_13_01': 0.00264}
TRSML_12_01,GEMM_12_10_01,0.00264,{'TRSML_12_01GEMM_12_10_01': 0.00264}
TRSML_12_01,GEMM_12_12_01,0.00264,{'TRSML_12_01GEMM_12_12_01': 0.00264}
TRSML_12_01,GEMM_12_02_01,0.00264,{'TRSML_12_01GEMM_12_02_01': 0.00264}
TRSML_12_01,GEMM_12_08_01,0.00264,{'TRSML_12_01GEMM_12_08_01': 0.00264}
TRSML_12_01,GEMM_12_14_01,0.00264,{'TRSML_12_01GEMM_12_14_01': 0.00264}
TRSML_12_01,GEMM_12_09_01,0.00264,{'TRSML_12_01GEMM_12_09_01': 0.00264}
TRSML_12_01,GEMM_12_04_01,0.00264,{'TRSML_12_01GEMM_12_04_01': 0.00264}
GEMM_10_10_08,GEMM_10_10_09,0.0050999999999999995,{'GEMM_10_10_08GEMM_10_10_09': 0.0050999999999999995}
GEMM_08_12_03,GEMM_08_12_04,0.0050999999999999995,{'GEMM_08_12_03GEMM_08_12_04': 0.0050999999999999995}
GEMM_10_10_04,GEMM_10_10_05,0.0050999999999999995,{'GEMM_10_10_04GEMM_10_10_05': 0.0050999999999999995}
GEMM_10_10_05,GEMM_10_10_06,0.0050999999999999995,{'GEMM_10_10_05GEMM_10_10_06': 0.0050999999999999995}
GEMM_10_10_06,GEMM_10_10_07,0.0050999999999999995,{'GEMM_10_10_06GEMM_10_10_07': 0.0050999999999999995}
TRSML_12_03,GEMM_12_10_03,0.00264,{'TRSML_12_03GEMM_12_10_03': 0.00264}
TRSML_12_03,GEMM_12_05_03,0.00264,{'TRSML_12_03GEMM_12_05_03': 0.00264}
TRSML_12_03,GEMM_12_06_03,0.00264,{'TRSML_12_03GEMM_12_06_03': 0.00264}
TRSML_12_03,GEMM_12_07_03,0.00264,{'TRSML_12_03GEMM_12_07_03': 0.00264}
TRSML_12_03,GEMM_12_14_03,0.00264,{'TRSML_12_03GEMM_12_14_03': 0.00264}
TRSML_12_03,GEMM_12_13_03,0.00264,{'TRSML_12_03GEMM_12_13_03': 0.00264}
TRSML_12_03,GEMM_12_12_03,0.00264,{'TRSML_12_03GEMM_12_12_03': 0.00264}
TRSML_12_03,GEMM_12_08_03,0.00264,{'TRSML_12_03GEMM_12_08_03': 0.00264}
TRSML_12_03,GEMM_12_11_03,0.00264,{'TRSML_12_03GEMM_12_11_03': 0.00264}
TRSML_12_03,GEMM_12_04_03,0.00264,{'TRSML_12_03GEMM_12_04_03': 0.00264}
TRSML_12_03,GEMM_12_09_03,0.00264,{'TRSML_12_03GEMM_12_09_03': 0.00264}
GEMM_05_01_00,TRSML_05_01,0.0050999999999999995,{'GEMM_05_01_00TRSML_05_01': 0.0050999999999999995}
GEMM_10_10_01,GEMM_10_10_02,0.0050999999999999995,{'GEMM_10_10_01GEMM_10_10_02': 0.0050999999999999995}
GEMM_10_10_02,GEMM_10_10_03,0.0050999999999999995,{'GEMM_10_10_02GEMM_10_10_03': 0.0050999999999999995}
GEMM_10_10_03,GEMM_10_10_04,0.0050999999999999995,{'GEMM_10_10_03GEMM_10_10_04': 0.0050999999999999995}
GEMM_08_11_00,GEMM_08_11_01,0.0050999999999999995,{'GEMM_08_11_00GEMM_08_11_01': 0.0050999999999999995}
GEMM_08_11_01,GEMM_08_11_02,0.0050999999999999995,{'GEMM_08_11_01GEMM_08_11_02': 0.0050999999999999995}
GEMM_08_11_02,GEMM_08_11_03,0.0050999999999999995,{'GEMM_08_11_02GEMM_08_11_03': 0.0050999999999999995}
GEMM_08_11_03,GEMM_08_11_04,0.0050999999999999995,{'GEMM_08_11_03GEMM_08_11_04': 0.0050999999999999995}
GEMM_08_11_04,GEMM_08_11_05,0.0050999999999999995,{'GEMM_08_11_04GEMM_08_11_05': 0.0050999999999999995}
GEMM_08_11_05,GEMM_08_11_06,0.0050999999999999995,{'GEMM_08_11_05GEMM_08_11_06': 0.0050999999999999995}
GEMM_08_11_06,GEMM_08_11_07,0.0050999999999999995,{'GEMM_08_11_06GEMM_08_11_07': 0.0050999999999999995}
GEMM_08_11_07,TRSMU_08_11,0.0050999999999999995,{'GEMM_08_11_07TRSMU_08_11': 0.0050999999999999995}
GEMM_10_10_00,GEMM_10_10_01,0.0050999999999999995,{'GEMM_10_10_00GEMM_10_10_01': 0.0050999999999999995}
TRSML_13_11,GEMM_13_13_11,0.00264,{'TRSML_13_11GEMM_13_13_11': 0.00264}
TRSML_13_11,GEMM_13_14_11,0.00264,{'TRSML_13_11GEMM_13_14_11': 0.00264}
TRSML_13_11,GEMM_13_12_11,0.00264,{'TRSML_13_11GEMM_13_12_11': 0.00264}
GEMM_06_14_01,GEMM_06_14_02,0.0050999999999999995,{'GEMM_06_14_01GEMM_06_14_02': 0.0050999999999999995}
GEMM_06_14_00,GEMM_06_14_01,0.0050999999999999995,{'GEMM_06_14_00GEMM_06_14_01': 0.0050999999999999995}
GEMM_06_14_03,GEMM_06_14_04,0.0050999999999999995,{'GEMM_06_14_03GEMM_06_14_04': 0.0050999999999999995}
GEMM_06_14_02,GEMM_06_14_03,0.0050999999999999995,{'GEMM_06_14_02GEMM_06_14_03': 0.0050999999999999995}
TRSML_05_04,GEMM_05_09_04,0.00264,{'TRSML_05_04GEMM_05_09_04': 0.00264}
TRSML_05_04,GEMM_05_07_04,0.00264,{'TRSML_05_04GEMM_05_07_04': 0.00264}
TRSML_05_04,GEMM_05_08_04,0.00264,{'TRSML_05_04GEMM_05_08_04': 0.00264}
TRSML_05_04,GEMM_05_12_04,0.00264,{'TRSML_05_04GEMM_05_12_04': 0.00264}
TRSML_05_04,GEMM_05_14_04,0.00264,{'TRSML_05_04GEMM_05_14_04': 0.00264}
TRSML_05_04,GEMM_05_13_04,0.00264,{'TRSML_05_04GEMM_05_13_04': 0.00264}
TRSML_05_04,GEMM_05_11_04,0.00264,{'TRSML_05_04GEMM_05_11_04': 0.00264}
TRSML_05_04,GEMM_05_06_04,0.00264,{'TRSML_05_04GEMM_05_06_04': 0.00264}
TRSML_05_04,GEMM_05_05_04,0.00264,{'TRSML_05_04GEMM_05_05_04': 0.00264}
TRSML_05_04,GEMM_05_10_04,0.00264,{'TRSML_05_04GEMM_05_10_04': 0.00264}
GEMM_06_14_04,GEMM_06_14_05,0.0050999999999999995,{'GEMM_06_14_04GEMM_06_14_05': 0.0050999999999999995}
GEMM_11_14_03,GEMM_11_14_04,0.0050999999999999995,{'GEMM_11_14_03GEMM_11_14_04': 0.0050999999999999995}
GEMM_08_04_03,TRSML_08_04,0.0050999999999999995,{'GEMM_08_04_03TRSML_08_04': 0.0050999999999999995}
GEMM_11_12_08,GEMM_11_12_09,0.0050999999999999995,{'GEMM_11_12_08GEMM_11_12_09': 0.0050999999999999995}
TRSMU_04_05,GEMM_06_05_04,0.00264,{'TRSMU_04_05GEMM_06_05_04': 0.00264}
TRSMU_04_05,GEMM_12_05_04,0.00264,{'TRSMU_04_05GEMM_12_05_04': 0.00264}
TRSMU_04_05,GEMM_09_05_04,0.00264,{'TRSMU_04_05GEMM_09_05_04': 0.00264}
TRSMU_04_05,GEMM_11_05_04,0.00264,{'TRSMU_04_05GEMM_11_05_04': 0.00264}
TRSMU_04_05,GEMM_08_05_04,0.00264,{'TRSMU_04_05GEMM_08_05_04': 0.00264}
TRSMU_04_05,GEMM_14_05_04,0.00264,{'TRSMU_04_05GEMM_14_05_04': 0.00264}
TRSMU_04_05,GEMM_07_05_04,0.00264,{'TRSMU_04_05GEMM_07_05_04': 0.00264}
TRSMU_04_05,GEMM_13_05_04,0.00264,{'TRSMU_04_05GEMM_13_05_04': 0.00264}
TRSMU_04_05,GEMM_05_05_04,0.00264,{'TRSMU_04_05GEMM_05_05_04': 0.00264}
TRSMU_04_05,GEMM_10_05_04,0.00264,{'TRSMU_04_05GEMM_10_05_04': 0.00264}
GEMM_04_06_02,GEMM_04_06_03,0.0050999999999999995,{'GEMM_04_06_02GEMM_04_06_03': 0.0050999999999999995}
TRSML_14_11,GEMM_14_14_11,0.00264,{'TRSML_14_11GEMM_14_14_11': 0.00264}
TRSML_14_11,GEMM_14_12_11,0.00264,{'TRSML_14_11GEMM_14_12_11': 0.00264}
TRSML_14_11,GEMM_14_13_11,0.00264,{'TRSML_14_11GEMM_14_13_11': 0.00264}
GEMM_11_12_07,GEMM_11_12_08,0.0050999999999999995,{'GEMM_11_12_07GEMM_11_12_08': 0.0050999999999999995}
TRSML_14_13,GEMM_14_14_13,0.00264,{'TRSML_14_13GEMM_14_14_13': 0.00264}
GEMM_04_06_03,TRSMU_04_06,0.0050999999999999995,{'GEMM_04_06_03TRSMU_04_06': 0.0050999999999999995}
GEMM_07_09_03,GEMM_07_09_04,0.0050999999999999995,{'GEMM_07_09_03GEMM_07_09_04': 0.0050999999999999995}
GEMM_11_12_06,GEMM_11_12_07,0.0050999999999999995,{'GEMM_11_12_06GEMM_11_12_07': 0.0050999999999999995}
GEMM_11_10_04,GEMM_11_10_05,0.0050999999999999995,{'GEMM_11_10_04GEMM_11_10_05': 0.0050999999999999995}
TRSML_11_05,GEMM_11_10_05,0.00264,{'TRSML_11_05GEMM_11_10_05': 0.00264}
TRSML_11_05,GEMM_11_06_05,0.00264,{'TRSML_11_05GEMM_11_06_05': 0.00264}
TRSML_11_05,GEMM_11_08_05,0.00264,{'TRSML_11_05GEMM_11_08_05': 0.00264}
TRSML_11_05,GEMM_11_12_05,0.00264,{'TRSML_11_05GEMM_11_12_05': 0.00264}
TRSML_11_05,GEMM_11_14_05,0.00264,{'TRSML_11_05GEMM_11_14_05': 0.00264}
TRSML_11_05,GEMM_11_09_05,0.00264,{'TRSML_11_05GEMM_11_09_05': 0.00264}
TRSML_11_05,GEMM_11_07_05,0.00264,{'TRSML_11_05GEMM_11_07_05': 0.00264}
TRSML_11_05,GEMM_11_13_05,0.00264,{'TRSML_11_05GEMM_11_13_05': 0.00264}
TRSML_11_05,GEMM_11_11_05,0.00264,{'TRSML_11_05GEMM_11_11_05': 0.00264}
GEMM_11_12_04,GEMM_11_12_05,0.0050999999999999995,{'GEMM_11_12_04GEMM_11_12_05': 0.0050999999999999995}
GEMM_11_14_02,GEMM_11_14_03,0.0050999999999999995,{'GEMM_11_14_02GEMM_11_14_03': 0.0050999999999999995}
TRSML_11_04,GEMM_11_12_04,0.00264,{'TRSML_11_04GEMM_11_12_04': 0.00264}
TRSML_11_04,GEMM_11_10_04,0.00264,{'TRSML_11_04GEMM_11_10_04': 0.00264}
TRSML_11_04,GEMM_11_08_04,0.00264,{'TRSML_11_04GEMM_11_08_04': 0.00264}
TRSML_11_04,GEMM_11_05_04,0.00264,{'TRSML_11_04GEMM_11_05_04': 0.00264}
TRSML_11_04,GEMM_11_14_04,0.00264,{'TRSML_11_04GEMM_11_14_04': 0.00264}
TRSML_11_04,GEMM_11_09_04,0.00264,{'TRSML_11_04GEMM_11_09_04': 0.00264}
TRSML_11_04,GEMM_11_07_04,0.00264,{'TRSML_11_04GEMM_11_07_04': 0.00264}
TRSML_11_04,GEMM_11_13_04,0.00264,{'TRSML_11_04GEMM_11_13_04': 0.00264}
TRSML_11_04,GEMM_11_06_04,0.00264,{'TRSML_11_04GEMM_11_06_04': 0.00264}
TRSML_11_04,GEMM_11_11_04,0.00264,{'TRSML_11_04GEMM_11_11_04': 0.00264}
GEMM_10_07_04,GEMM_10_07_05,0.0050999999999999995,{'GEMM_10_07_04GEMM_10_07_05': 0.0050999999999999995}
GEMM_10_07_05,GEMM_10_07_06,0.0050999999999999995,{'GEMM_10_07_05GEMM_10_07_06': 0.0050999999999999995}
GEMM_10_07_06,TRSML_10_07,0.0050999999999999995,{'GEMM_10_07_06TRSML_10_07': 0.0050999999999999995}
TRSMU_03_08,GEMM_05_08_03,0.00264,{'TRSMU_03_08GEMM_05_08_03': 0.00264}
TRSMU_03_08,GEMM_08_08_03,0.00264,{'TRSMU_03_08GEMM_08_08_03': 0.00264}
TRSMU_03_08,GEMM_09_08_03,0.00264,{'TRSMU_03_08GEMM_09_08_03': 0.00264}
TRSMU_03_08,GEMM_11_08_03,0.00264,{'TRSMU_03_08GEMM_11_08_03': 0.00264}
TRSMU_03_08,GEMM_13_08_03,0.00264,{'TRSMU_03_08GEMM_13_08_03': 0.00264}
TRSMU_03_08,GEMM_10_08_03,0.00264,{'TRSMU_03_08GEMM_10_08_03': 0.00264}
TRSMU_03_08,GEMM_06_08_03,0.00264,{'TRSMU_03_08GEMM_06_08_03': 0.00264}
TRSMU_03_08,GEMM_12_08_03,0.00264,{'TRSMU_03_08GEMM_12_08_03': 0.00264}
TRSMU_03_08,GEMM_04_08_03,0.00264,{'TRSMU_03_08GEMM_04_08_03': 0.00264}
TRSMU_03_08,GEMM_14_08_03,0.00264,{'TRSMU_03_08GEMM_14_08_03': 0.00264}
TRSMU_03_08,GEMM_07_08_03,0.00264,{'TRSMU_03_08GEMM_07_08_03': 0.00264}
GEMM_10_07_00,GEMM_10_07_01,0.0050999999999999995,{'GEMM_10_07_00GEMM_10_07_01': 0.0050999999999999995}
GEMM_10_07_01,GEMM_10_07_02,0.0050999999999999995,{'GEMM_10_07_01GEMM_10_07_02': 0.0050999999999999995}
GEMM_10_07_02,GEMM_10_07_03,0.0050999999999999995,{'GEMM_10_07_02GEMM_10_07_03': 0.0050999999999999995}
GEMM_10_07_03,GEMM_10_07_04,0.0050999999999999995,{'GEMM_10_07_03GEMM_10_07_04': 0.0050999999999999995}
GEMM_01_12_00,TRSMU_01_12,0.0050999999999999995,{'GEMM_01_12_00TRSMU_01_12': 0.0050999999999999995}
GEMM_10_14_01,GEMM_10_14_02,0.0050999999999999995,{'GEMM_10_14_01GEMM_10_14_02': 0.0050999999999999995}
GEMM_11_02_00,GEMM_11_02_01,0.0050999999999999995,{'GEMM_11_02_00GEMM_11_02_01': 0.0050999999999999995}
GEMM_11_02_01,TRSML_11_02,0.0050999999999999995,{'GEMM_11_02_01TRSML_11_02': 0.0050999999999999995}
TRSML_09_03,GEMM_09_10_03,0.00264,{'TRSML_09_03GEMM_09_10_03': 0.00264}
TRSML_09_03,GEMM_09_04_03,0.00264,{'TRSML_09_03GEMM_09_04_03': 0.00264}
TRSML_09_03,GEMM_09_08_03,0.00264,{'TRSML_09_03GEMM_09_08_03': 0.00264}
TRSML_09_03,GEMM_09_05_03,0.00264,{'TRSML_09_03GEMM_09_05_03': 0.00264}
TRSML_09_03,GEMM_09_06_03,0.00264,{'TRSML_09_03GEMM_09_06_03': 0.00264}
TRSML_09_03,GEMM_09_09_03,0.00264,{'TRSML_09_03GEMM_09_09_03': 0.00264}
TRSML_09_03,GEMM_09_13_03,0.00264,{'TRSML_09_03GEMM_09_13_03': 0.00264}
TRSML_09_03,GEMM_09_14_03,0.00264,{'TRSML_09_03GEMM_09_14_03': 0.00264}
TRSML_09_03,GEMM_09_07_03,0.00264,{'TRSML_09_03GEMM_09_07_03': 0.00264}
TRSML_09_03,GEMM_09_12_03,0.00264,{'TRSML_09_03GEMM_09_12_03': 0.00264}
TRSML_09_03,GEMM_09_11_03,0.00264,{'TRSML_09_03GEMM_09_11_03': 0.00264}
TRSML_08_07,GEMM_08_08_07,0.00264,{'TRSML_08_07GEMM_08_08_07': 0.00264}
TRSML_08_07,GEMM_08_14_07,0.00264,{'TRSML_08_07GEMM_08_14_07': 0.00264}
TRSML_08_07,GEMM_08_10_07,0.00264,{'TRSML_08_07GEMM_08_10_07': 0.00264}
TRSML_08_07,GEMM_08_12_07,0.00264,{'TRSML_08_07GEMM_08_12_07': 0.00264}
TRSML_08_07,GEMM_08_11_07,0.00264,{'TRSML_08_07GEMM_08_11_07': 0.00264}
TRSML_08_07,GEMM_08_13_07,0.00264,{'TRSML_08_07GEMM_08_13_07': 0.00264}
TRSML_08_07,GEMM_08_09_07,0.00264,{'TRSML_08_07GEMM_08_09_07': 0.00264}
GEMM_03_04_02,TRSMU_03_04,0.0050999999999999995,{'GEMM_03_04_02TRSMU_03_04': 0.0050999999999999995}
GEMM_12_14_10,GEMM_12_14_11,0.0050999999999999995,{'GEMM_12_14_10GEMM_12_14_11': 0.0050999999999999995}
TRSML_07_06,GEMM_07_09_06,0.00264,{'TRSML_07_06GEMM_07_09_06': 0.00264}
TRSML_07_06,GEMM_07_07_06,0.00264,{'TRSML_07_06GEMM_07_07_06': 0.00264}
TRSML_07_06,GEMM_07_11_06,0.00264,{'TRSML_07_06GEMM_07_11_06': 0.00264}
TRSML_07_06,GEMM_07_10_06,0.00264,{'TRSML_07_06GEMM_07_10_06': 0.00264}
TRSML_07_06,GEMM_07_13_06,0.00264,{'TRSML_07_06GEMM_07_13_06': 0.00264}
TRSML_07_06,GEMM_07_12_06,0.00264,{'TRSML_07_06GEMM_07_12_06': 0.00264}
TRSML_07_06,GEMM_07_14_06,0.00264,{'TRSML_07_06GEMM_07_14_06': 0.00264}
TRSML_07_06,GEMM_07_08_06,0.00264,{'TRSML_07_06GEMM_07_08_06': 0.00264}
GEMM_07_13_06,TRSMU_07_13,0.0050999999999999995,{'GEMM_07_13_06TRSMU_07_13': 0.0050999999999999995}
TRSMU_03_05,GEMM_12_05_03,0.00264,{'TRSMU_03_05GEMM_12_05_03': 0.00264}
TRSMU_03_05,GEMM_06_05_03,0.00264,{'TRSMU_03_05GEMM_06_05_03': 0.00264}
TRSMU_03_05,GEMM_08_05_03,0.00264,{'TRSMU_03_05GEMM_08_05_03': 0.00264}
TRSMU_03_05,GEMM_11_05_03,0.00264,{'TRSMU_03_05GEMM_11_05_03': 0.00264}
TRSMU_03_05,GEMM_09_05_03,0.00264,{'TRSMU_03_05GEMM_09_05_03': 0.00264}
TRSMU_03_05,GEMM_07_05_03,0.00264,{'TRSMU_03_05GEMM_07_05_03': 0.00264}
TRSMU_03_05,GEMM_14_05_03,0.00264,{'TRSMU_03_05GEMM_14_05_03': 0.00264}
TRSMU_03_05,GEMM_04_05_03,0.00264,{'TRSMU_03_05GEMM_04_05_03': 0.00264}
TRSMU_03_05,GEMM_10_05_03,0.00264,{'TRSMU_03_05GEMM_10_05_03': 0.00264}
TRSMU_03_05,GEMM_05_05_03,0.00264,{'TRSMU_03_05GEMM_05_05_03': 0.00264}
TRSMU_03_05,GEMM_13_05_03,0.00264,{'TRSMU_03_05GEMM_13_05_03': 0.00264}
TRSMU_06_12,GEMM_11_12_06,0.00264,{'TRSMU_06_12GEMM_11_12_06': 0.00264}
TRSMU_06_12,GEMM_12_12_06,0.00264,{'TRSMU_06_12GEMM_12_12_06': 0.00264}
TRSMU_06_12,GEMM_08_12_06,0.00264,{'TRSMU_06_12GEMM_08_12_06': 0.00264}
TRSMU_06_12,GEMM_07_12_06,0.00264,{'TRSMU_06_12GEMM_07_12_06': 0.00264}
TRSMU_06_12,GEMM_13_12_06,0.00264,{'TRSMU_06_12GEMM_13_12_06': 0.00264}
TRSMU_06_12,GEMM_14_12_06,0.00264,{'TRSMU_06_12GEMM_14_12_06': 0.00264}
TRSMU_06_12,GEMM_10_12_06,0.00264,{'TRSMU_06_12GEMM_10_12_06': 0.00264}
TRSMU_06_12,GEMM_09_12_06,0.00264,{'TRSMU_06_12GEMM_09_12_06': 0.00264}
GEMM_10_12_09,TRSMU_10_12,0.0050999999999999995,{'GEMM_10_12_09TRSMU_10_12': 0.0050999999999999995}
TRSMU_03_04,GEMM_13_04_03,0.00264,{'TRSMU_03_04GEMM_13_04_03': 0.00264}
TRSMU_03_04,GEMM_09_04_03,0.00264,{'TRSMU_03_04GEMM_09_04_03': 0.00264}
TRSMU_03_04,GEMM_07_04_03,0.00264,{'TRSMU_03_04GEMM_07_04_03': 0.00264}
TRSMU_03_04,GEMM_06_04_03,0.00264,{'TRSMU_03_04GEMM_06_04_03': 0.00264}
TRSMU_03_04,GEMM_14_04_03,0.00264,{'TRSMU_03_04GEMM_14_04_03': 0.00264}
TRSMU_03_04,GEMM_08_04_03,0.00264,{'TRSMU_03_04GEMM_08_04_03': 0.00264}
TRSMU_03_04,GEMM_10_04_03,0.00264,{'TRSMU_03_04GEMM_10_04_03': 0.00264}
TRSMU_03_04,GEMM_11_04_03,0.00264,{'TRSMU_03_04GEMM_11_04_03': 0.00264}
TRSMU_03_04,GEMM_05_04_03,0.00264,{'TRSMU_03_04GEMM_05_04_03': 0.00264}
TRSMU_03_04,GEMM_12_04_03,0.00264,{'TRSMU_03_04GEMM_12_04_03': 0.00264}
TRSMU_03_04,GEMM_04_04_03,0.00264,{'TRSMU_03_04GEMM_04_04_03': 0.00264}
TRSMU_08_14,GEMM_11_14_08,0.00264,{'TRSMU_08_14GEMM_11_14_08': 0.00264}
TRSMU_08_14,GEMM_12_14_08,0.00264,{'TRSMU_08_14GEMM_12_14_08': 0.00264}
TRSMU_08_14,GEMM_14_14_08,0.00264,{'TRSMU_08_14GEMM_14_14_08': 0.00264}
TRSMU_08_14,GEMM_10_14_08,0.00264,{'TRSMU_08_14GEMM_10_14_08': 0.00264}
TRSMU_08_14,GEMM_09_14_08,0.00264,{'TRSMU_08_14GEMM_09_14_08': 0.00264}
TRSMU_08_14,GEMM_13_14_08,0.00264,{'TRSMU_08_14GEMM_13_14_08': 0.00264}
TRSML_07_04,GEMM_07_07_04,0.00264,{'TRSML_07_04GEMM_07_07_04': 0.00264}
TRSML_07_04,GEMM_07_10_04,0.00264,{'TRSML_07_04GEMM_07_10_04': 0.00264}
TRSML_07_04,GEMM_07_09_04,0.00264,{'TRSML_07_04GEMM_07_09_04': 0.00264}
TRSML_07_04,GEMM_07_12_04,0.00264,{'TRSML_07_04GEMM_07_12_04': 0.00264}
TRSML_07_04,GEMM_07_06_04,0.00264,{'TRSML_07_04GEMM_07_06_04': 0.00264}
TRSML_07_04,GEMM_07_11_04,0.00264,{'TRSML_07_04GEMM_07_11_04': 0.00264}
TRSML_07_04,GEMM_07_13_04,0.00264,{'TRSML_07_04GEMM_07_13_04': 0.00264}
TRSML_07_04,GEMM_07_14_04,0.00264,{'TRSML_07_04GEMM_07_14_04': 0.00264}
TRSML_07_04,GEMM_07_05_04,0.00264,{'TRSML_07_04GEMM_07_05_04': 0.00264}
TRSML_07_04,GEMM_07_08_04,0.00264,{'TRSML_07_04GEMM_07_08_04': 0.00264}
GEMM_08_10_07,TRSMU_08_10,0.0050999999999999995,{'GEMM_08_10_07TRSMU_08_10': 0.0050999999999999995}
GEMM_08_10_06,GEMM_08_10_07,0.0050999999999999995,{'GEMM_08_10_06GEMM_08_10_07': 0.0050999999999999995}
GEMM_08_10_05,GEMM_08_10_06,0.0050999999999999995,{'GEMM_08_10_05GEMM_08_10_06': 0.0050999999999999995}
GEMM_08_10_04,GEMM_08_10_05,0.0050999999999999995,{'GEMM_08_10_04GEMM_08_10_05': 0.0050999999999999995}
GEMM_08_10_03,GEMM_08_10_04,0.0050999999999999995,{'GEMM_08_10_03GEMM_08_10_04': 0.0050999999999999995}
GEMM_08_10_02,GEMM_08_10_03,0.0050999999999999995,{'GEMM_08_10_02GEMM_08_10_03': 0.0050999999999999995}
GEMM_08_10_01,GEMM_08_10_02,0.0050999999999999995,{'GEMM_08_10_01GEMM_08_10_02': 0.0050999999999999995}
GEMM_08_10_00,GEMM_08_10_01,0.0050999999999999995,{'GEMM_08_10_00GEMM_08_10_01': 0.0050999999999999995}
GEMM_14_11_08,GEMM_14_11_09,0.0050999999999999995,{'GEMM_14_11_08GEMM_14_11_09': 0.0050999999999999995}
TRSML_08_06,GEMM_08_08_06,0.00264,{'TRSML_08_06GEMM_08_08_06': 0.00264}
TRSML_08_06,GEMM_08_07_06,0.00264,{'TRSML_08_06GEMM_08_07_06': 0.00264}
TRSML_08_06,GEMM_08_10_06,0.00264,{'TRSML_08_06GEMM_08_10_06': 0.00264}
TRSML_08_06,GEMM_08_12_06,0.00264,{'TRSML_08_06GEMM_08_12_06': 0.00264}
TRSML_08_06,GEMM_08_11_06,0.00264,{'TRSML_08_06GEMM_08_11_06': 0.00264}
TRSML_08_06,GEMM_08_13_06,0.00264,{'TRSML_08_06GEMM_08_13_06': 0.00264}
TRSML_08_06,GEMM_08_09_06,0.00264,{'TRSML_08_06GEMM_08_09_06': 0.00264}
TRSML_08_06,GEMM_08_14_06,0.00264,{'TRSML_08_06GEMM_08_14_06': 0.00264}
TRSML_08_05,GEMM_08_06_05,0.00264,{'TRSML_08_05GEMM_08_06_05': 0.00264}
TRSML_08_05,GEMM_08_08_05,0.00264,{'TRSML_08_05GEMM_08_08_05': 0.00264}
TRSML_08_05,GEMM_08_14_05,0.00264,{'TRSML_08_05GEMM_08_14_05': 0.00264}
TRSML_08_05,GEMM_08_07_05,0.00264,{'TRSML_08_05GEMM_08_07_05': 0.00264}
TRSML_08_05,GEMM_08_10_05,0.00264,{'TRSML_08_05GEMM_08_10_05': 0.00264}
TRSML_08_05,GEMM_08_12_05,0.00264,{'TRSML_08_05GEMM_08_12_05': 0.00264}
TRSML_08_05,GEMM_08_11_05,0.00264,{'TRSML_08_05GEMM_08_11_05': 0.00264}
TRSML_08_05,GEMM_08_09_05,0.00264,{'TRSML_08_05GEMM_08_09_05': 0.00264}
TRSML_08_05,GEMM_08_13_05,0.00264,{'TRSML_08_05GEMM_08_13_05': 0.00264}
TRSML_08_04,GEMM_08_06_04,0.00264,{'TRSML_08_04GEMM_08_06_04': 0.00264}
TRSML_08_04,GEMM_08_08_04,0.00264,{'TRSML_08_04GEMM_08_08_04': 0.00264}
TRSML_08_04,GEMM_08_07_04,0.00264,{'TRSML_08_04GEMM_08_07_04': 0.00264}
TRSML_08_04,GEMM_08_10_04,0.00264,{'TRSML_08_04GEMM_08_10_04': 0.00264}
TRSML_08_04,GEMM_08_05_04,0.00264,{'TRSML_08_04GEMM_08_05_04': 0.00264}
TRSML_08_04,GEMM_08_12_04,0.00264,{'TRSML_08_04GEMM_08_12_04': 0.00264}
TRSML_08_04,GEMM_08_11_04,0.00264,{'TRSML_08_04GEMM_08_11_04': 0.00264}
TRSML_08_04,GEMM_08_14_04,0.00264,{'TRSML_08_04GEMM_08_14_04': 0.00264}
TRSML_08_04,GEMM_08_09_04,0.00264,{'TRSML_08_04GEMM_08_09_04': 0.00264}
TRSML_08_04,GEMM_08_13_04,0.00264,{'TRSML_08_04GEMM_08_13_04': 0.00264}
TRSMU_06_11,GEMM_07_11_06,0.00264,{'TRSMU_06_11GEMM_07_11_06': 0.00264}
TRSMU_06_11,GEMM_14_11_06,0.00264,{'TRSMU_06_11GEMM_14_11_06': 0.00264}
TRSMU_06_11,GEMM_13_11_06,0.00264,{'TRSMU_06_11GEMM_13_11_06': 0.00264}
TRSMU_06_11,GEMM_10_11_06,0.00264,{'TRSMU_06_11GEMM_10_11_06': 0.00264}
TRSMU_06_11,GEMM_08_11_06,0.00264,{'TRSMU_06_11GEMM_08_11_06': 0.00264}
TRSMU_06_11,GEMM_11_11_06,0.00264,{'TRSMU_06_11GEMM_11_11_06': 0.00264}
TRSMU_06_11,GEMM_09_11_06,0.00264,{'TRSMU_06_11GEMM_09_11_06': 0.00264}
TRSMU_06_11,GEMM_12_11_06,0.00264,{'TRSMU_06_11GEMM_12_11_06': 0.00264}
GEMM_13_12_04,GEMM_13_12_05,0.0050999999999999995,{'GEMM_13_12_04GEMM_13_12_05': 0.0050999999999999995}
GEMM_11_14_04,GEMM_11_14_05,0.0050999999999999995,{'GEMM_11_14_04GEMM_11_14_05': 0.0050999999999999995}
GEMM_06_06_03,GEMM_06_06_04,0.0050999999999999995,{'GEMM_06_06_03GEMM_06_06_04': 0.0050999999999999995}
GEMM_11_05_04,TRSML_11_05,0.0050999999999999995,{'GEMM_11_05_04TRSML_11_05': 0.0050999999999999995}
GEMM_11_05_03,GEMM_11_05_04,0.0050999999999999995,{'GEMM_11_05_03GEMM_11_05_04': 0.0050999999999999995}
GEMM_11_05_02,GEMM_11_05_03,0.0050999999999999995,{'GEMM_11_05_02GEMM_11_05_03': 0.0050999999999999995}
GEMM_11_05_01,GEMM_11_05_02,0.0050999999999999995,{'GEMM_11_05_01GEMM_11_05_02': 0.0050999999999999995}
GEMM_11_05_00,GEMM_11_05_01,0.0050999999999999995,{'GEMM_11_05_00GEMM_11_05_01': 0.0050999999999999995}
GEMM_01_01_00,GETRF_01,0.0050999999999999995,{'GEMM_01_01_00GETRF_01': 0.0050999999999999995}
GEMM_07_06_05,TRSML_07_06,0.0050999999999999995,{'GEMM_07_06_05TRSML_07_06': 0.0050999999999999995}
GEMM_02_09_00,GEMM_02_09_01,0.0050999999999999995,{'GEMM_02_09_00GEMM_02_09_01': 0.0050999999999999995}
GEMM_13_14_11,GEMM_13_14_12,0.0050999999999999995,{'GEMM_13_14_11GEMM_13_14_12': 0.0050999999999999995}
TRSML_11_06,GEMM_11_12_06,0.00264,{'TRSML_11_06GEMM_11_12_06': 0.00264}
TRSML_11_06,GEMM_11_08_06,0.00264,{'TRSML_11_06GEMM_11_08_06': 0.00264}
TRSML_11_06,GEMM_11_09_06,0.00264,{'TRSML_11_06GEMM_11_09_06': 0.00264}
TRSML_11_06,GEMM_11_14_06,0.00264,{'TRSML_11_06GEMM_11_14_06': 0.00264}
TRSML_11_06,GEMM_11_07_06,0.00264,{'TRSML_11_06GEMM_11_07_06': 0.00264}
TRSML_11_06,GEMM_11_13_06,0.00264,{'TRSML_11_06GEMM_11_13_06': 0.00264}
TRSML_11_06,GEMM_11_10_06,0.00264,{'TRSML_11_06GEMM_11_10_06': 0.00264}
TRSML_11_06,GEMM_11_11_06,0.00264,{'TRSML_11_06GEMM_11_11_06': 0.00264}
GEMM_11_14_07,GEMM_11_14_08,0.0050999999999999995,{'GEMM_11_14_07GEMM_11_14_08': 0.0050999999999999995}
GEMM_13_10_05,GEMM_13_10_06,0.0050999999999999995,{'GEMM_13_10_05GEMM_13_10_06': 0.0050999999999999995}
GEMM_10_06_03,GEMM_10_06_04,0.0050999999999999995,{'GEMM_10_06_03GEMM_10_06_04': 0.0050999999999999995}
GEMM_10_06_02,GEMM_10_06_03,0.0050999999999999995,{'GEMM_10_06_02GEMM_10_06_03': 0.0050999999999999995}
GEMM_10_06_01,GEMM_10_06_02,0.0050999999999999995,{'GEMM_10_06_01GEMM_10_06_02': 0.0050999999999999995}
GEMM_10_06_00,GEMM_10_06_01,0.0050999999999999995,{'GEMM_10_06_00GEMM_10_06_01': 0.0050999999999999995}
GEMM_10_06_05,TRSML_10_06,0.0050999999999999995,{'GEMM_10_06_05TRSML_10_06': 0.0050999999999999995}
GEMM_10_06_04,GEMM_10_06_05,0.0050999999999999995,{'GEMM_10_06_04GEMM_10_06_05': 0.0050999999999999995}
GEMM_11_04_00,GEMM_11_04_01,0.0050999999999999995,{'GEMM_11_04_00GEMM_11_04_01': 0.0050999999999999995}
GEMM_11_04_01,GEMM_11_04_02,0.0050999999999999995,{'GEMM_11_04_01GEMM_11_04_02': 0.0050999999999999995}
GEMM_11_04_02,GEMM_11_04_03,0.0050999999999999995,{'GEMM_11_04_02GEMM_11_04_03': 0.0050999999999999995}
GEMM_11_04_03,TRSML_11_04,0.0050999999999999995,{'GEMM_11_04_03TRSML_11_04': 0.0050999999999999995}
GEMM_11_06_04,GEMM_11_06_05,0.0050999999999999995,{'GEMM_11_06_04GEMM_11_06_05': 0.0050999999999999995}
GEMM_05_03_02,TRSML_05_03,0.0050999999999999995,{'GEMM_05_03_02TRSML_05_03': 0.0050999999999999995}
GEMM_10_12_03,GEMM_10_12_04,0.0050999999999999995,{'GEMM_10_12_03GEMM_10_12_04': 0.0050999999999999995}
GEMM_05_03_00,GEMM_05_03_01,0.0050999999999999995,{'GEMM_05_03_00GEMM_05_03_01': 0.0050999999999999995}
GEMM_05_03_01,GEMM_05_03_02,0.0050999999999999995,{'GEMM_05_03_01GEMM_05_03_02': 0.0050999999999999995}
GEMM_11_06_02,GEMM_11_06_03,0.0050999999999999995,{'GEMM_11_06_02GEMM_11_06_03': 0.0050999999999999995}
GEMM_12_04_02,GEMM_12_04_03,0.0050999999999999995,{'GEMM_12_04_02GEMM_12_04_03': 0.0050999999999999995}
GEMM_11_06_00,GEMM_11_06_01,0.0050999999999999995,{'GEMM_11_06_00GEMM_11_06_01': 0.0050999999999999995}
GEMM_12_04_00,GEMM_12_04_01,0.0050999999999999995,{'GEMM_12_04_00GEMM_12_04_01': 0.0050999999999999995}
GEMM_11_12_09,GEMM_11_12_10,0.0050999999999999995,{'GEMM_11_12_09GEMM_11_12_10': 0.0050999999999999995}
GEMM_12_06_04,GEMM_12_06_05,0.0050999999999999995,{'GEMM_12_06_04GEMM_12_06_05': 0.0050999999999999995}
GEMM_11_03_01,GEMM_11_03_02,0.0050999999999999995,{'GEMM_11_03_01GEMM_11_03_02': 0.0050999999999999995}
GEMM_11_03_00,GEMM_11_03_01,0.0050999999999999995,{'GEMM_11_03_00GEMM_11_03_01': 0.0050999999999999995}
GEMM_11_12_05,GEMM_11_12_06,0.0050999999999999995,{'GEMM_11_12_05GEMM_11_12_06': 0.0050999999999999995}
GEMM_11_03_02,TRSML_11_03,0.0050999999999999995,{'GEMM_11_03_02TRSML_11_03': 0.0050999999999999995}
GEMM_11_12_03,GEMM_11_12_04,0.0050999999999999995,{'GEMM_11_12_03GEMM_11_12_04': 0.0050999999999999995}
GEMM_11_12_02,GEMM_11_12_03,0.0050999999999999995,{'GEMM_11_12_02GEMM_11_12_03': 0.0050999999999999995}
GEMM_11_12_01,GEMM_11_12_02,0.0050999999999999995,{'GEMM_11_12_01GEMM_11_12_02': 0.0050999999999999995}
GEMM_11_12_00,GEMM_11_12_01,0.0050999999999999995,{'GEMM_11_12_00GEMM_11_12_01': 0.0050999999999999995}
GEMM_10_04_01,GEMM_10_04_02,0.0050999999999999995,{'GEMM_10_04_01GEMM_10_04_02': 0.0050999999999999995}
GEMM_10_04_00,GEMM_10_04_01,0.0050999999999999995,{'GEMM_10_04_00GEMM_10_04_01': 0.0050999999999999995}
GEMM_10_04_03,TRSML_10_04,0.0050999999999999995,{'GEMM_10_04_03TRSML_10_04': 0.0050999999999999995}
GEMM_10_04_02,GEMM_10_04_03,0.0050999999999999995,{'GEMM_10_04_02GEMM_10_04_03': 0.0050999999999999995}
GEMM_08_01_00,TRSML_08_01,0.0050999999999999995,{'GEMM_08_01_00TRSML_08_01': 0.0050999999999999995}
GEMM_02_07_00,GEMM_02_07_01,0.0050999999999999995,{'GEMM_02_07_00GEMM_02_07_01': 0.0050999999999999995}
GEMM_14_11_09,GEMM_14_11_10,0.0050999999999999995,{'GEMM_14_11_09GEMM_14_11_10': 0.0050999999999999995}
GEMM_05_05_02,GEMM_05_05_03,0.0050999999999999995,{'GEMM_05_05_02GEMM_05_05_03': 0.0050999999999999995}
GEMM_12_06_05,TRSML_12_06,0.0050999999999999995,{'GEMM_12_06_05TRSML_12_06': 0.0050999999999999995}
GEMM_10_13_01,GEMM_10_13_02,0.0050999999999999995,{'GEMM_10_13_01GEMM_10_13_02': 0.0050999999999999995}
GEMM_06_01_00,TRSML_06_01,0.0050999999999999995,{'GEMM_06_01_00TRSML_06_01': 0.0050999999999999995}
GEMM_12_06_01,GEMM_12_06_02,0.0050999999999999995,{'GEMM_12_06_01GEMM_12_06_02': 0.0050999999999999995}
GEMM_12_06_00,GEMM_12_06_01,0.0050999999999999995,{'GEMM_12_06_00GEMM_12_06_01': 0.0050999999999999995}
GEMM_12_06_03,GEMM_12_06_04,0.0050999999999999995,{'GEMM_12_06_03GEMM_12_06_04': 0.0050999999999999995}
GEMM_10_13_00,GEMM_10_13_01,0.0050999999999999995,{'GEMM_10_13_00GEMM_10_13_01': 0.0050999999999999995}
GEMM_05_05_04,GETRF_05,0.0050999999999999995,{'GEMM_05_05_04GETRF_05': 0.0050999999999999995}
GEMM_12_06_02,GEMM_12_06_03,0.0050999999999999995,{'GEMM_12_06_02GEMM_12_06_03': 0.0050999999999999995}
GEMM_08_08_07,GETRF_08,0.0050999999999999995,{'GEMM_08_08_07GETRF_08': 0.0050999999999999995}
GEMM_07_11_04,GEMM_07_11_05,0.0050999999999999995,{'GEMM_07_11_04GEMM_07_11_05': 0.0050999999999999995}
GEMM_10_14_06,GEMM_10_14_07,0.0050999999999999995,{'GEMM_10_14_06GEMM_10_14_07': 0.0050999999999999995}
GEMM_10_05_02,GEMM_10_05_03,0.0050999999999999995,{'GEMM_10_05_02GEMM_10_05_03': 0.0050999999999999995}
GEMM_10_05_03,GEMM_10_05_04,0.0050999999999999995,{'GEMM_10_05_03GEMM_10_05_04': 0.0050999999999999995}
GEMM_10_05_00,GEMM_10_05_01,0.0050999999999999995,{'GEMM_10_05_00GEMM_10_05_01': 0.0050999999999999995}
GEMM_10_05_01,GEMM_10_05_02,0.0050999999999999995,{'GEMM_10_05_01GEMM_10_05_02': 0.0050999999999999995}
GEMM_10_05_04,TRSML_10_05,0.0050999999999999995,{'GEMM_10_05_04TRSML_10_05': 0.0050999999999999995}
GEMM_08_07_03,GEMM_08_07_04,0.0050999999999999995,{'GEMM_08_07_03GEMM_08_07_04': 0.0050999999999999995}
GEMM_08_07_02,GEMM_08_07_03,0.0050999999999999995,{'GEMM_08_07_02GEMM_08_07_03': 0.0050999999999999995}
GEMM_08_07_01,GEMM_08_07_02,0.0050999999999999995,{'GEMM_08_07_01GEMM_08_07_02': 0.0050999999999999995}
GEMM_08_07_00,GEMM_08_07_01,0.0050999999999999995,{'GEMM_08_07_00GEMM_08_07_01': 0.0050999999999999995}
GEMM_08_07_06,TRSML_08_07,0.0050999999999999995,{'GEMM_08_07_06TRSML_08_07': 0.0050999999999999995}
GEMM_08_07_05,GEMM_08_07_06,0.0050999999999999995,{'GEMM_08_07_05GEMM_08_07_06': 0.0050999999999999995}
GEMM_08_07_04,GEMM_08_07_05,0.0050999999999999995,{'GEMM_08_07_04GEMM_08_07_05': 0.0050999999999999995}
GEMM_13_09_01,GEMM_13_09_02,0.0050999999999999995,{'GEMM_13_09_01GEMM_13_09_02': 0.0050999999999999995}
GEMM_11_14_00,GEMM_11_14_01,0.0050999999999999995,{'GEMM_11_14_00GEMM_11_14_01': 0.0050999999999999995}
TRSMU_01_10,GEMM_04_10_01,0.00264,{'TRSMU_01_10GEMM_04_10_01': 0.00264}
TRSMU_01_10,GEMM_12_10_01,0.00264,{'TRSMU_01_10GEMM_12_10_01': 0.00264}
TRSMU_01_10,GEMM_07_10_01,0.00264,{'TRSMU_01_10GEMM_07_10_01': 0.00264}
TRSMU_01_10,GEMM_09_10_01,0.00264,{'TRSMU_01_10GEMM_09_10_01': 0.00264}
TRSMU_01_10,GEMM_03_10_01,0.00264,{'TRSMU_01_10GEMM_03_10_01': 0.00264}
TRSMU_01_10,GEMM_13_10_01,0.00264,{'TRSMU_01_10GEMM_13_10_01': 0.00264}
TRSMU_01_10,GEMM_06_10_01,0.00264,{'TRSMU_01_10GEMM_06_10_01': 0.00264}
TRSMU_01_10,GEMM_10_10_01,0.00264,{'TRSMU_01_10GEMM_10_10_01': 0.00264}
TRSMU_01_10,GEMM_08_10_01,0.00264,{'TRSMU_01_10GEMM_08_10_01': 0.00264}
TRSMU_01_10,GEMM_02_10_01,0.00264,{'TRSMU_01_10GEMM_02_10_01': 0.00264}
TRSMU_01_10,GEMM_14_10_01,0.00264,{'TRSMU_01_10GEMM_14_10_01': 0.00264}
TRSMU_01_10,GEMM_11_10_01,0.00264,{'TRSMU_01_10GEMM_11_10_01': 0.00264}
TRSMU_01_10,GEMM_05_10_01,0.00264,{'TRSMU_01_10GEMM_05_10_01': 0.00264}
TRSMU_01_11,GEMM_07_11_01,0.00264,{'TRSMU_01_11GEMM_07_11_01': 0.00264}
TRSMU_01_11,GEMM_04_11_01,0.00264,{'TRSMU_01_11GEMM_04_11_01': 0.00264}
TRSMU_01_11,GEMM_03_11_01,0.00264,{'TRSMU_01_11GEMM_03_11_01': 0.00264}
TRSMU_01_11,GEMM_10_11_01,0.00264,{'TRSMU_01_11GEMM_10_11_01': 0.00264}
TRSMU_01_11,GEMM_13_11_01,0.00264,{'TRSMU_01_11GEMM_13_11_01': 0.00264}
TRSMU_01_11,GEMM_14_11_01,0.00264,{'TRSMU_01_11GEMM_14_11_01': 0.00264}
TRSMU_01_11,GEMM_05_11_01,0.00264,{'TRSMU_01_11GEMM_05_11_01': 0.00264}
TRSMU_01_11,GEMM_08_11_01,0.00264,{'TRSMU_01_11GEMM_08_11_01': 0.00264}
TRSMU_01_11,GEMM_06_11_01,0.00264,{'TRSMU_01_11GEMM_06_11_01': 0.00264}
TRSMU_01_11,GEMM_12_11_01,0.00264,{'TRSMU_01_11GEMM_12_11_01': 0.00264}
TRSMU_01_11,GEMM_02_11_01,0.00264,{'TRSMU_01_11GEMM_02_11_01': 0.00264}
TRSMU_01_11,GEMM_09_11_01,0.00264,{'TRSMU_01_11GEMM_09_11_01': 0.00264}
TRSMU_01_11,GEMM_11_11_01,0.00264,{'TRSMU_01_11GEMM_11_11_01': 0.00264}
GEMM_13_09_05,GEMM_13_09_06,0.0050999999999999995,{'GEMM_13_09_05GEMM_13_09_06': 0.0050999999999999995}
GEMM_08_14_01,GEMM_08_14_02,0.0050999999999999995,{'GEMM_08_14_01GEMM_08_14_02': 0.0050999999999999995}
TRSMU_01_14,GEMM_06_14_01,0.00264,{'TRSMU_01_14GEMM_06_14_01': 0.00264}
TRSMU_01_14,GEMM_08_14_01,0.00264,{'TRSMU_01_14GEMM_08_14_01': 0.00264}
TRSMU_01_14,GEMM_14_14_01,0.00264,{'TRSMU_01_14GEMM_14_14_01': 0.00264}
TRSMU_01_14,GEMM_05_14_01,0.00264,{'TRSMU_01_14GEMM_05_14_01': 0.00264}
TRSMU_01_14,GEMM_11_14_01,0.00264,{'TRSMU_01_14GEMM_11_14_01': 0.00264}
TRSMU_01_14,GEMM_04_14_01,0.00264,{'TRSMU_01_14GEMM_04_14_01': 0.00264}
TRSMU_01_14,GEMM_12_14_01,0.00264,{'TRSMU_01_14GEMM_12_14_01': 0.00264}
TRSMU_01_14,GEMM_07_14_01,0.00264,{'TRSMU_01_14GEMM_07_14_01': 0.00264}
TRSMU_01_14,GEMM_13_14_01,0.00264,{'TRSMU_01_14GEMM_13_14_01': 0.00264}
TRSMU_01_14,GEMM_10_14_01,0.00264,{'TRSMU_01_14GEMM_10_14_01': 0.00264}
TRSMU_01_14,GEMM_09_14_01,0.00264,{'TRSMU_01_14GEMM_09_14_01': 0.00264}
TRSMU_01_14,GEMM_02_14_01,0.00264,{'TRSMU_01_14GEMM_02_14_01': 0.00264}
TRSMU_01_14,GEMM_03_14_01,0.00264,{'TRSMU_01_14GEMM_03_14_01': 0.00264}
GEMM_13_09_06,GEMM_13_09_07,0.0050999999999999995,{'GEMM_13_09_06GEMM_13_09_07': 0.0050999999999999995}
GEMM_09_14_05,GEMM_09_14_06,0.0050999999999999995,{'GEMM_09_14_05GEMM_09_14_06': 0.0050999999999999995}
GEMM_08_14_00,GEMM_08_14_01,0.0050999999999999995,{'GEMM_08_14_00GEMM_08_14_01': 0.0050999999999999995}
TRSMU_05_07,GEMM_07_07_05,0.00264,{'TRSMU_05_07GEMM_07_07_05': 0.00264}
TRSMU_05_07,GEMM_08_07_05,0.00264,{'TRSMU_05_07GEMM_08_07_05': 0.00264}
TRSMU_05_07,GEMM_06_07_05,0.00264,{'TRSMU_05_07GEMM_06_07_05': 0.00264}
TRSMU_05_07,GEMM_10_07_05,0.00264,{'TRSMU_05_07GEMM_10_07_05': 0.00264}
TRSMU_05_07,GEMM_12_07_05,0.00264,{'TRSMU_05_07GEMM_12_07_05': 0.00264}
TRSMU_05_07,GEMM_14_07_05,0.00264,{'TRSMU_05_07GEMM_14_07_05': 0.00264}
TRSMU_05_07,GEMM_11_07_05,0.00264,{'TRSMU_05_07GEMM_11_07_05': 0.00264}
TRSMU_05_07,GEMM_13_07_05,0.00264,{'TRSMU_05_07GEMM_13_07_05': 0.00264}
TRSMU_05_07,GEMM_09_07_05,0.00264,{'TRSMU_05_07GEMM_09_07_05': 0.00264}
GEMM_12_12_10,GEMM_12_12_11,0.0050999999999999995,{'GEMM_12_12_10GEMM_12_12_11': 0.0050999999999999995}
GEMM_11_07_05,GEMM_11_07_06,0.0050999999999999995,{'GEMM_11_07_05GEMM_11_07_06': 0.0050999999999999995}
GEMM_10_12_02,GEMM_10_12_03,0.0050999999999999995,{'GEMM_10_12_02GEMM_10_12_03': 0.0050999999999999995}
GEMM_11_07_06,TRSML_11_07,0.0050999999999999995,{'GEMM_11_07_06TRSML_11_07': 0.0050999999999999995}
GEMM_11_07_01,GEMM_11_07_02,0.0050999999999999995,{'GEMM_11_07_01GEMM_11_07_02': 0.0050999999999999995}
GEMM_11_07_00,GEMM_11_07_01,0.0050999999999999995,{'GEMM_11_07_00GEMM_11_07_01': 0.0050999999999999995}
GEMM_11_07_03,GEMM_11_07_04,0.0050999999999999995,{'GEMM_11_07_03GEMM_11_07_04': 0.0050999999999999995}
GEMM_07_09_01,GEMM_07_09_02,0.0050999999999999995,{'GEMM_07_09_01GEMM_07_09_02': 0.0050999999999999995}
GEMM_13_14_12,TRSMU_13_14,0.0050999999999999995,{'GEMM_13_14_12TRSMU_13_14': 0.0050999999999999995}
TRSML_09_06,GEMM_09_10_06,0.00264,{'TRSML_09_06GEMM_09_10_06': 0.00264}
TRSML_09_06,GEMM_09_08_06,0.00264,{'TRSML_09_06GEMM_09_08_06': 0.00264}
TRSML_09_06,GEMM_09_13_06,0.00264,{'TRSML_09_06GEMM_09_13_06': 0.00264}
TRSML_09_06,GEMM_09_09_06,0.00264,{'TRSML_09_06GEMM_09_09_06': 0.00264}
TRSML_09_06,GEMM_09_14_06,0.00264,{'TRSML_09_06GEMM_09_14_06': 0.00264}
TRSML_09_06,GEMM_09_11_06,0.00264,{'TRSML_09_06GEMM_09_11_06': 0.00264}
TRSML_09_06,GEMM_09_07_06,0.00264,{'TRSML_09_06GEMM_09_07_06': 0.00264}
TRSML_09_06,GEMM_09_12_06,0.00264,{'TRSML_09_06GEMM_09_12_06': 0.00264}
GEMM_14_14_04,GEMM_14_14_05,0.0050999999999999995,{'GEMM_14_14_04GEMM_14_14_05': 0.0050999999999999995}
GEMM_14_14_05,GEMM_14_14_06,0.0050999999999999995,{'GEMM_14_14_05GEMM_14_14_06': 0.0050999999999999995}
GEMM_14_14_06,GEMM_14_14_07,0.0050999999999999995,{'GEMM_14_14_06GEMM_14_14_07': 0.0050999999999999995}
GEMM_14_14_07,GEMM_14_14_08,0.0050999999999999995,{'GEMM_14_14_07GEMM_14_14_08': 0.0050999999999999995}
GEMM_14_14_00,GEMM_14_14_01,0.0050999999999999995,{'GEMM_14_14_00GEMM_14_14_01': 0.0050999999999999995}
GEMM_14_14_01,GEMM_14_14_02,0.0050999999999999995,{'GEMM_14_14_01GEMM_14_14_02': 0.0050999999999999995}
GEMM_14_14_02,GEMM_14_14_03,0.0050999999999999995,{'GEMM_14_14_02GEMM_14_14_03': 0.0050999999999999995}
GEMM_14_14_03,GEMM_14_14_04,0.0050999999999999995,{'GEMM_14_14_03GEMM_14_14_04': 0.0050999999999999995}
GEMM_14_14_08,GEMM_14_14_09,0.0050999999999999995,{'GEMM_14_14_08GEMM_14_14_09': 0.0050999999999999995}
GEMM_11_06_05,TRSML_11_06,0.0050999999999999995,{'GEMM_11_06_05TRSML_11_06': 0.0050999999999999995}
GEMM_12_13_04,GEMM_12_13_05,0.0050999999999999995,{'GEMM_12_13_04GEMM_12_13_05': 0.0050999999999999995}
TRSMU_09_12,GEMM_13_12_09,0.00264,{'TRSMU_09_12GEMM_13_12_09': 0.00264}
TRSMU_09_12,GEMM_10_12_09,0.00264,{'TRSMU_09_12GEMM_10_12_09': 0.00264}
TRSMU_09_12,GEMM_12_12_09,0.00264,{'TRSMU_09_12GEMM_12_12_09': 0.00264}
TRSMU_09_12,GEMM_11_12_09,0.00264,{'TRSMU_09_12GEMM_11_12_09': 0.00264}
TRSMU_09_12,GEMM_14_12_09,0.00264,{'TRSMU_09_12GEMM_14_12_09': 0.00264}
TRSMU_09_13,GEMM_10_13_09,0.00264,{'TRSMU_09_13GEMM_10_13_09': 0.00264}
TRSMU_09_13,GEMM_11_13_09,0.00264,{'TRSMU_09_13GEMM_11_13_09': 0.00264}
TRSMU_09_13,GEMM_12_13_09,0.00264,{'TRSMU_09_13GEMM_12_13_09': 0.00264}
TRSMU_09_13,GEMM_13_13_09,0.00264,{'TRSMU_09_13GEMM_13_13_09': 0.00264}
TRSMU_09_13,GEMM_14_13_09,0.00264,{'TRSMU_09_13GEMM_14_13_09': 0.00264}
TRSMU_09_10,GEMM_14_10_09,0.00264,{'TRSMU_09_10GEMM_14_10_09': 0.00264}
TRSMU_09_10,GEMM_13_10_09,0.00264,{'TRSMU_09_10GEMM_13_10_09': 0.00264}
TRSMU_09_10,GEMM_12_10_09,0.00264,{'TRSMU_09_10GEMM_12_10_09': 0.00264}
TRSMU_09_10,GEMM_11_10_09,0.00264,{'TRSMU_09_10GEMM_11_10_09': 0.00264}
TRSMU_09_10,GEMM_10_10_09,0.00264,{'TRSMU_09_10GEMM_10_10_09': 0.00264}
GETRF_08,TRSMU_08_14,0.0009899999999999998,{'GETRF_08TRSMU_08_14': 0.0009899999999999998}
GETRF_08,TRSMU_08_11,0.0009899999999999998,{'GETRF_08TRSMU_08_11': 0.0009899999999999998}
GETRF_08,TRSMU_08_10,0.0009899999999999998,{'GETRF_08TRSMU_08_10': 0.0009899999999999998}
GETRF_08,TRSMU_08_13,0.0009899999999999998,{'GETRF_08TRSMU_08_13': 0.0009899999999999998}
GETRF_08,TRSML_13_08,0.0009899999999999998,{'GETRF_08TRSML_13_08': 0.0009899999999999998}
GETRF_08,TRSML_09_08,0.0009899999999999998,{'GETRF_08TRSML_09_08': 0.0009899999999999998}
GETRF_08,TRSML_10_08,0.0009899999999999998,{'GETRF_08TRSML_10_08': 0.0009899999999999998}
GETRF_08,TRSMU_08_12,0.0009899999999999998,{'GETRF_08TRSMU_08_12': 0.0009899999999999998}
GETRF_08,TRSML_11_08,0.0009899999999999998,{'GETRF_08TRSML_11_08': 0.0009899999999999998}
GETRF_08,TRSMU_08_09,0.0009899999999999998,{'GETRF_08TRSMU_08_09': 0.0009899999999999998}
GETRF_08,TRSML_12_08,0.0009899999999999998,{'GETRF_08TRSML_12_08': 0.0009899999999999998}
GETRF_08,TRSML_14_08,0.0009899999999999998,{'GETRF_08TRSML_14_08': 0.0009899999999999998}
GEMM_01_11_00,TRSMU_01_11,0.0050999999999999995,{'GEMM_01_11_00TRSMU_01_11': 0.0050999999999999995}
TRSMU_09_14,GEMM_11_14_09,0.00264,{'TRSMU_09_14GEMM_11_14_09': 0.00264}
TRSMU_09_14,GEMM_10_14_09,0.00264,{'TRSMU_09_14GEMM_10_14_09': 0.00264}
TRSMU_09_14,GEMM_14_14_09,0.00264,{'TRSMU_09_14GEMM_14_14_09': 0.00264}
TRSMU_09_14,GEMM_13_14_09,0.00264,{'TRSMU_09_14GEMM_13_14_09': 0.00264}
TRSMU_09_14,GEMM_12_14_09,0.00264,{'TRSMU_09_14GEMM_12_14_09': 0.00264}
TRSMU_10_14,GEMM_13_14_10,0.00264,{'TRSMU_10_14GEMM_13_14_10': 0.00264}
TRSMU_10_14,GEMM_11_14_10,0.00264,{'TRSMU_10_14GEMM_11_14_10': 0.00264}
TRSMU_10_14,GEMM_14_14_10,0.00264,{'TRSMU_10_14GEMM_14_14_10': 0.00264}
TRSMU_10_14,GEMM_12_14_10,0.00264,{'TRSMU_10_14GEMM_12_14_10': 0.00264}
GEMM_04_05_03,TRSMU_04_05,0.0050999999999999995,{'GEMM_04_05_03TRSMU_04_05': 0.0050999999999999995}
GEMM_02_14_01,TRSMU_02_14,0.0050999999999999995,{'GEMM_02_14_01TRSMU_02_14': 0.0050999999999999995}
GEMM_02_14_00,GEMM_02_14_01,0.0050999999999999995,{'GEMM_02_14_00GEMM_02_14_01': 0.0050999999999999995}
GEMM_12_05_00,GEMM_12_05_01,0.0050999999999999995,{'GEMM_12_05_00GEMM_12_05_01': 0.0050999999999999995}
GEMM_12_05_01,GEMM_12_05_02,0.0050999999999999995,{'GEMM_12_05_01GEMM_12_05_02': 0.0050999999999999995}
GEMM_12_05_02,GEMM_12_05_03,0.0050999999999999995,{'GEMM_12_05_02GEMM_12_05_03': 0.0050999999999999995}
GEMM_11_01_00,TRSML_11_01,0.0050999999999999995,{'GEMM_11_01_00TRSML_11_01': 0.0050999999999999995}
GEMM_12_05_04,TRSML_12_05,0.0050999999999999995,{'GEMM_12_05_04TRSML_12_05': 0.0050999999999999995}
GEMM_12_13_06,GEMM_12_13_07,0.0050999999999999995,{'GEMM_12_13_06GEMM_12_13_07': 0.0050999999999999995}
GEMM_14_10_01,GEMM_14_10_02,0.0050999999999999995,{'GEMM_14_10_01GEMM_14_10_02': 0.0050999999999999995}
TRSMU_10_12,GEMM_11_12_10,0.00264,{'TRSMU_10_12GEMM_11_12_10': 0.00264}
TRSMU_10_12,GEMM_13_12_10,0.00264,{'TRSMU_10_12GEMM_13_12_10': 0.00264}
TRSMU_10_12,GEMM_12_12_10,0.00264,{'TRSMU_10_12GEMM_12_12_10': 0.00264}
TRSMU_10_12,GEMM_14_12_10,0.00264,{'TRSMU_10_12GEMM_14_12_10': 0.00264}
GEMM_13_13_07,GEMM_13_13_08,0.0050999999999999995,{'GEMM_13_13_07GEMM_13_13_08': 0.0050999999999999995}
GEMM_06_09_03,GEMM_06_09_04,0.0050999999999999995,{'GEMM_06_09_03GEMM_06_09_04': 0.0050999999999999995}
GEMM_06_09_02,GEMM_06_09_03,0.0050999999999999995,{'GEMM_06_09_02GEMM_06_09_03': 0.0050999999999999995}
GEMM_06_09_01,GEMM_06_09_02,0.0050999999999999995,{'GEMM_06_09_01GEMM_06_09_02': 0.0050999999999999995}
GEMM_06_09_00,GEMM_06_09_01,0.0050999999999999995,{'GEMM_06_09_00GEMM_06_09_01': 0.0050999999999999995}
GEMM_11_10_01,GEMM_11_10_02,0.0050999999999999995,{'GEMM_11_10_01GEMM_11_10_02': 0.0050999999999999995}
GEMM_11_10_00,GEMM_11_10_01,0.0050999999999999995,{'GEMM_11_10_00GEMM_11_10_01': 0.0050999999999999995}
GEMM_11_10_03,GEMM_11_10_04,0.0050999999999999995,{'GEMM_11_10_03GEMM_11_10_04': 0.0050999999999999995}
GEMM_09_04_02,GEMM_09_04_03,0.0050999999999999995,{'GEMM_09_04_02GEMM_09_04_03': 0.0050999999999999995}
GEMM_14_10_04,GEMM_14_10_05,0.0050999999999999995,{'GEMM_14_10_04GEMM_14_10_05': 0.0050999999999999995}
GEMM_04_05_02,GEMM_04_05_03,0.0050999999999999995,{'GEMM_04_05_02GEMM_04_05_03': 0.0050999999999999995}
GEMM_11_10_09,TRSML_11_10,0.0050999999999999995,{'GEMM_11_10_09TRSML_11_10': 0.0050999999999999995}
GETRF_01,TRSML_02_01,0.0009899999999999998,{'GETRF_01TRSML_02_01': 0.0009899999999999998}
GETRF_01,TRSMU_01_13,0.0009899999999999998,{'GETRF_01TRSMU_01_13': 0.0009899999999999998}
GETRF_01,TRSMU_01_10,0.0009899999999999998,{'GETRF_01TRSMU_01_10': 0.0009899999999999998}
GETRF_01,TRSMU_01_11,0.0009899999999999998,{'GETRF_01TRSMU_01_11': 0.0009899999999999998}
GETRF_01,TRSML_13_01,0.0009899999999999998,{'GETRF_01TRSML_13_01': 0.0009899999999999998}
GETRF_01,TRSML_12_01,0.0009899999999999998,{'GETRF_01TRSML_12_01': 0.0009899999999999998}
GETRF_01,TRSMU_01_14,0.0009899999999999998,{'GETRF_01TRSMU_01_14': 0.0009899999999999998}
GETRF_01,TRSML_09_01,0.0009899999999999998,{'GETRF_01TRSML_09_01': 0.0009899999999999998}
GETRF_01,TRSML_07_01,0.0009899999999999998,{'GETRF_01TRSML_07_01': 0.0009899999999999998}
GETRF_01,TRSML_11_01,0.0009899999999999998,{'GETRF_01TRSML_11_01': 0.0009899999999999998}
GETRF_01,TRSMU_01_12,0.0009899999999999998,{'GETRF_01TRSMU_01_12': 0.0009899999999999998}
GETRF_01,TRSML_03_01,0.0009899999999999998,{'GETRF_01TRSML_03_01': 0.0009899999999999998}
GETRF_01,TRSML_04_01,0.0009899999999999998,{'GETRF_01TRSML_04_01': 0.0009899999999999998}
GETRF_01,TRSMU_01_05,0.0009899999999999998,{'GETRF_01TRSMU_01_05': 0.0009899999999999998}
GETRF_01,TRSMU_01_04,0.0009899999999999998,{'GETRF_01TRSMU_01_04': 0.0009899999999999998}
GETRF_01,TRSMU_01_07,0.0009899999999999998,{'GETRF_01TRSMU_01_07': 0.0009899999999999998}
GETRF_01,TRSMU_01_06,0.0009899999999999998,{'GETRF_01TRSMU_01_06': 0.0009899999999999998}
GETRF_01,TRSML_05_01,0.0009899999999999998,{'GETRF_01TRSML_05_01': 0.0009899999999999998}
GETRF_01,TRSMU_01_03,0.0009899999999999998,{'GETRF_01TRSMU_01_03': 0.0009899999999999998}
GETRF_01,TRSMU_01_02,0.0009899999999999998,{'GETRF_01TRSMU_01_02': 0.0009899999999999998}
GETRF_01,TRSMU_01_09,0.0009899999999999998,{'GETRF_01TRSMU_01_09': 0.0009899999999999998}
GETRF_01,TRSMU_01_08,0.0009899999999999998,{'GETRF_01TRSMU_01_08': 0.0009899999999999998}
GETRF_01,TRSML_10_01,0.0009899999999999998,{'GETRF_01TRSML_10_01': 0.0009899999999999998}
GETRF_01,TRSML_06_01,0.0009899999999999998,{'GETRF_01TRSML_06_01': 0.0009899999999999998}
GETRF_01,TRSML_14_01,0.0009899999999999998,{'GETRF_01TRSML_14_01': 0.0009899999999999998}
GETRF_01,TRSML_08_01,0.0009899999999999998,{'GETRF_01TRSML_08_01': 0.0009899999999999998}
GEMM_14_10_05,GEMM_14_10_06,0.0050999999999999995,{'GEMM_14_10_05GEMM_14_10_06': 0.0050999999999999995}
GEMM_11_14_09,GEMM_11_14_10,0.0050999999999999995,{'GEMM_11_14_09GEMM_11_14_10': 0.0050999999999999995}
GEMM_07_11_05,GEMM_07_11_06,0.0050999999999999995,{'GEMM_07_11_05GEMM_07_11_06': 0.0050999999999999995}
GEMM_09_04_00,GEMM_09_04_01,0.0050999999999999995,{'GEMM_09_04_00GEMM_09_04_01': 0.0050999999999999995}
GEMM_12_13_05,GEMM_12_13_06,0.0050999999999999995,{'GEMM_12_13_05GEMM_12_13_06': 0.0050999999999999995}
GEMM_13_10_08,GEMM_13_10_09,0.0050999999999999995,{'GEMM_13_10_08GEMM_13_10_09': 0.0050999999999999995}
TRSML_13_08,GEMM_13_09_08,0.00264,{'TRSML_13_08GEMM_13_09_08': 0.00264}
TRSML_13_08,GEMM_13_10_08,0.00264,{'TRSML_13_08GEMM_13_10_08': 0.00264}
TRSML_13_08,GEMM_13_11_08,0.00264,{'TRSML_13_08GEMM_13_11_08': 0.00264}
TRSML_13_08,GEMM_13_13_08,0.00264,{'TRSML_13_08GEMM_13_13_08': 0.00264}
TRSML_13_08,GEMM_13_12_08,0.00264,{'TRSML_13_08GEMM_13_12_08': 0.00264}
TRSML_13_08,GEMM_13_14_08,0.00264,{'TRSML_13_08GEMM_13_14_08': 0.00264}
TRSML_13_07,GEMM_13_11_07,0.00264,{'TRSML_13_07GEMM_13_11_07': 0.00264}
TRSML_13_07,GEMM_13_10_07,0.00264,{'TRSML_13_07GEMM_13_10_07': 0.00264}
TRSML_13_07,GEMM_13_09_07,0.00264,{'TRSML_13_07GEMM_13_09_07': 0.00264}
TRSML_13_07,GEMM_13_14_07,0.00264,{'TRSML_13_07GEMM_13_14_07': 0.00264}
TRSML_13_07,GEMM_13_08_07,0.00264,{'TRSML_13_07GEMM_13_08_07': 0.00264}
TRSML_13_07,GEMM_13_12_07,0.00264,{'TRSML_13_07GEMM_13_12_07': 0.00264}
TRSML_13_07,GEMM_13_13_07,0.00264,{'TRSML_13_07GEMM_13_13_07': 0.00264}
TRSML_13_06,GEMM_13_14_06,0.00264,{'TRSML_13_06GEMM_13_14_06': 0.00264}
TRSML_13_06,GEMM_13_11_06,0.00264,{'TRSML_13_06GEMM_13_11_06': 0.00264}
TRSML_13_06,GEMM_13_10_06,0.00264,{'TRSML_13_06GEMM_13_10_06': 0.00264}
TRSML_13_06,GEMM_13_09_06,0.00264,{'TRSML_13_06GEMM_13_09_06': 0.00264}
TRSML_13_06,GEMM_13_07_06,0.00264,{'TRSML_13_06GEMM_13_07_06': 0.00264}
TRSML_13_06,GEMM_13_08_06,0.00264,{'TRSML_13_06GEMM_13_08_06': 0.00264}
TRSML_13_06,GEMM_13_12_06,0.00264,{'TRSML_13_06GEMM_13_12_06': 0.00264}
TRSML_13_06,GEMM_13_13_06,0.00264,{'TRSML_13_06GEMM_13_13_06': 0.00264}
GEMM_02_12_01,TRSMU_02_12,0.0050999999999999995,{'GEMM_02_12_01TRSMU_02_12': 0.0050999999999999995}
GEMM_02_12_00,GEMM_02_12_01,0.0050999999999999995,{'GEMM_02_12_00GEMM_02_12_01': 0.0050999999999999995}
GEMM_14_04_01,GEMM_14_04_02,0.0050999999999999995,{'GEMM_14_04_01GEMM_14_04_02': 0.0050999999999999995}
GEMM_14_04_00,GEMM_14_04_01,0.0050999999999999995,{'GEMM_14_04_00GEMM_14_04_01': 0.0050999999999999995}
TRSML_13_01,GEMM_13_14_01,0.00264,{'TRSML_13_01GEMM_13_14_01': 0.00264}
TRSML_13_01,GEMM_13_04_01,0.00264,{'TRSML_13_01GEMM_13_04_01': 0.00264}
TRSML_13_01,GEMM_13_09_01,0.00264,{'TRSML_13_01GEMM_13_09_01': 0.00264}
TRSML_13_01,GEMM_13_03_01,0.00264,{'TRSML_13_01GEMM_13_03_01': 0.00264}
TRSML_13_01,GEMM_13_02_01,0.00264,{'TRSML_13_01GEMM_13_02_01': 0.00264}
TRSML_13_01,GEMM_13_11_01,0.00264,{'TRSML_13_01GEMM_13_11_01': 0.00264}
TRSML_13_01,GEMM_13_12_01,0.00264,{'TRSML_13_01GEMM_13_12_01': 0.00264}
TRSML_13_01,GEMM_13_08_01,0.00264,{'TRSML_13_01GEMM_13_08_01': 0.00264}
TRSML_13_01,GEMM_13_07_01,0.00264,{'TRSML_13_01GEMM_13_07_01': 0.00264}
TRSML_13_01,GEMM_13_06_01,0.00264,{'TRSML_13_01GEMM_13_06_01': 0.00264}
TRSML_13_01,GEMM_13_13_01,0.00264,{'TRSML_13_01GEMM_13_13_01': 0.00264}
TRSML_13_01,GEMM_13_05_01,0.00264,{'TRSML_13_01GEMM_13_05_01': 0.00264}
TRSML_13_01,GEMM_13_10_01,0.00264,{'TRSML_13_01GEMM_13_10_01': 0.00264}
TRSML_13_00,GEMM_13_10_00,0.00264,{'TRSML_13_00GEMM_13_10_00': 0.00264}
TRSML_13_00,GEMM_13_04_00,0.00264,{'TRSML_13_00GEMM_13_04_00': 0.00264}
TRSML_13_00,GEMM_13_12_00,0.00264,{'TRSML_13_00GEMM_13_12_00': 0.00264}
TRSML_13_00,GEMM_13_09_00,0.00264,{'TRSML_13_00GEMM_13_09_00': 0.00264}
TRSML_13_00,GEMM_13_03_00,0.00264,{'TRSML_13_00GEMM_13_03_00': 0.00264}
TRSML_13_00,GEMM_13_02_00,0.00264,{'TRSML_13_00GEMM_13_02_00': 0.00264}
TRSML_13_00,GEMM_13_01_00,0.00264,{'TRSML_13_00GEMM_13_01_00': 0.00264}
TRSML_13_00,GEMM_13_08_00,0.00264,{'TRSML_13_00GEMM_13_08_00': 0.00264}
TRSML_13_00,GEMM_13_07_00,0.00264,{'TRSML_13_00GEMM_13_07_00': 0.00264}
TRSML_13_00,GEMM_13_06_00,0.00264,{'TRSML_13_00GEMM_13_06_00': 0.00264}
TRSML_13_00,GEMM_13_13_00,0.00264,{'TRSML_13_00GEMM_13_13_00': 0.00264}
TRSML_13_00,GEMM_13_14_00,0.00264,{'TRSML_13_00GEMM_13_14_00': 0.00264}
TRSML_13_00,GEMM_13_11_00,0.00264,{'TRSML_13_00GEMM_13_11_00': 0.00264}
TRSML_13_00,GEMM_13_05_00,0.00264,{'TRSML_13_00GEMM_13_05_00': 0.00264}
GEMM_13_08_02,GEMM_13_08_03,0.0050999999999999995,{'GEMM_13_08_02GEMM_13_08_03': 0.0050999999999999995}
GEMM_13_08_03,GEMM_13_08_04,0.0050999999999999995,{'GEMM_13_08_03GEMM_13_08_04': 0.0050999999999999995}
GEMM_13_08_00,GEMM_13_08_01,0.0050999999999999995,{'GEMM_13_08_00GEMM_13_08_01': 0.0050999999999999995}
GEMM_02_05_00,GEMM_02_05_01,0.0050999999999999995,{'GEMM_02_05_00GEMM_02_05_01': 0.0050999999999999995}
GEMM_13_08_06,GEMM_13_08_07,0.0050999999999999995,{'GEMM_13_08_06GEMM_13_08_07': 0.0050999999999999995}
GEMM_13_08_07,TRSML_13_08,0.0050999999999999995,{'GEMM_13_08_07TRSML_13_08': 0.0050999999999999995}
GEMM_13_08_04,GEMM_13_08_05,0.0050999999999999995,{'GEMM_13_08_04GEMM_13_08_05': 0.0050999999999999995}
GEMM_13_08_05,GEMM_13_08_06,0.0050999999999999995,{'GEMM_13_08_05GEMM_13_08_06': 0.0050999999999999995}
GEMM_08_13_06,GEMM_08_13_07,0.0050999999999999995,{'GEMM_08_13_06GEMM_08_13_07': 0.0050999999999999995}
GEMM_08_13_07,TRSMU_08_13,0.0050999999999999995,{'GEMM_08_13_07TRSMU_08_13': 0.0050999999999999995}
GEMM_08_13_04,GEMM_08_13_05,0.0050999999999999995,{'GEMM_08_13_04GEMM_08_13_05': 0.0050999999999999995}
GETRF_04,TRSMU_04_06,0.0009899999999999998,{'GETRF_04TRSMU_04_06': 0.0009899999999999998}
GETRF_04,TRSML_06_04,0.0009899999999999998,{'GETRF_04TRSML_06_04': 0.0009899999999999998}
GETRF_04,TRSML_12_04,0.0009899999999999998,{'GETRF_04TRSML_12_04': 0.0009899999999999998}
GETRF_04,TRSMU_04_05,0.0009899999999999998,{'GETRF_04TRSMU_04_05': 0.0009899999999999998}
GETRF_04,TRSML_09_04,0.0009899999999999998,{'GETRF_04TRSML_09_04': 0.0009899999999999998}
GETRF_04,TRSML_07_04,0.0009899999999999998,{'GETRF_04TRSML_07_04': 0.0009899999999999998}
GETRF_04,TRSML_10_04,0.0009899999999999998,{'GETRF_04TRSML_10_04': 0.0009899999999999998}
GETRF_04,TRSML_11_04,0.0009899999999999998,{'GETRF_04TRSML_11_04': 0.0009899999999999998}
GETRF_04,TRSML_13_04,0.0009899999999999998,{'GETRF_04TRSML_13_04': 0.0009899999999999998}
GETRF_04,TRSMU_04_13,0.0009899999999999998,{'GETRF_04TRSMU_04_13': 0.0009899999999999998}
GETRF_04,TRSMU_04_08,0.0009899999999999998,{'GETRF_04TRSMU_04_08': 0.0009899999999999998}
GETRF_04,TRSMU_04_09,0.0009899999999999998,{'GETRF_04TRSMU_04_09': 0.0009899999999999998}
GETRF_04,TRSML_05_04,0.0009899999999999998,{'GETRF_04TRSML_05_04': 0.0009899999999999998}
GETRF_04,TRSML_14_04,0.0009899999999999998,{'GETRF_04TRSML_14_04': 0.0009899999999999998}
GETRF_04,TRSMU_04_12,0.0009899999999999998,{'GETRF_04TRSMU_04_12': 0.0009899999999999998}
GETRF_04,TRSMU_04_07,0.0009899999999999998,{'GETRF_04TRSMU_04_07': 0.0009899999999999998}
GETRF_04,TRSMU_04_11,0.0009899999999999998,{'GETRF_04TRSMU_04_11': 0.0009899999999999998}
GETRF_04,TRSMU_04_14,0.0009899999999999998,{'GETRF_04TRSMU_04_14': 0.0009899999999999998}
GETRF_04,TRSMU_04_10,0.0009899999999999998,{'GETRF_04TRSMU_04_10': 0.0009899999999999998}
GETRF_04,TRSML_08_04,0.0009899999999999998,{'GETRF_04TRSML_08_04': 0.0009899999999999998}
GEMM_08_13_02,GEMM_08_13_03,0.0050999999999999995,{'GEMM_08_13_02GEMM_08_13_03': 0.0050999999999999995}
GEMM_08_13_03,GEMM_08_13_04,0.0050999999999999995,{'GEMM_08_13_03GEMM_08_13_04': 0.0050999999999999995}
GEMM_08_13_00,GEMM_08_13_01,0.0050999999999999995,{'GEMM_08_13_00GEMM_08_13_01': 0.0050999999999999995}
GEMM_08_13_01,GEMM_08_13_02,0.0050999999999999995,{'GEMM_08_13_01GEMM_08_13_02': 0.0050999999999999995}
GEMM_12_14_08,GEMM_12_14_09,0.0050999999999999995,{'GEMM_12_14_08GEMM_12_14_09': 0.0050999999999999995}
GEMM_12_14_09,GEMM_12_14_10,0.0050999999999999995,{'GEMM_12_14_09GEMM_12_14_10': 0.0050999999999999995}
GEMM_12_14_06,GEMM_12_14_07,0.0050999999999999995,{'GEMM_12_14_06GEMM_12_14_07': 0.0050999999999999995}
GEMM_12_14_07,GEMM_12_14_08,0.0050999999999999995,{'GEMM_12_14_07GEMM_12_14_08': 0.0050999999999999995}
GEMM_12_14_04,GEMM_12_14_05,0.0050999999999999995,{'GEMM_12_14_04GEMM_12_14_05': 0.0050999999999999995}
GEMM_12_14_05,GEMM_12_14_06,0.0050999999999999995,{'GEMM_12_14_05GEMM_12_14_06': 0.0050999999999999995}
GEMM_12_14_02,GEMM_12_14_03,0.0050999999999999995,{'GEMM_12_14_02GEMM_12_14_03': 0.0050999999999999995}
GEMM_12_14_03,GEMM_12_14_04,0.0050999999999999995,{'GEMM_12_14_03GEMM_12_14_04': 0.0050999999999999995}
GEMM_12_14_00,GEMM_12_14_01,0.0050999999999999995,{'GEMM_12_14_00GEMM_12_14_01': 0.0050999999999999995}
GEMM_12_14_01,GEMM_12_14_02,0.0050999999999999995,{'GEMM_12_14_01GEMM_12_14_02': 0.0050999999999999995}
GEMM_14_13_11,GEMM_14_13_12,0.0050999999999999995,{'GEMM_14_13_11GEMM_14_13_12': 0.0050999999999999995}
TRSMU_01_12,GEMM_06_12_01,0.00264,{'TRSMU_01_12GEMM_06_12_01': 0.00264}
TRSMU_01_12,GEMM_04_12_01,0.00264,{'TRSMU_01_12GEMM_04_12_01': 0.00264}
TRSMU_01_12,GEMM_02_12_01,0.00264,{'TRSMU_01_12GEMM_02_12_01': 0.00264}
TRSMU_01_12,GEMM_05_12_01,0.00264,{'TRSMU_01_12GEMM_05_12_01': 0.00264}
TRSMU_01_12,GEMM_11_12_01,0.00264,{'TRSMU_01_12GEMM_11_12_01': 0.00264}
TRSMU_01_12,GEMM_13_12_01,0.00264,{'TRSMU_01_12GEMM_13_12_01': 0.00264}
TRSMU_01_12,GEMM_07_12_01,0.00264,{'TRSMU_01_12GEMM_07_12_01': 0.00264}
TRSMU_01_12,GEMM_08_12_01,0.00264,{'TRSMU_01_12GEMM_08_12_01': 0.00264}
TRSMU_01_12,GEMM_12_12_01,0.00264,{'TRSMU_01_12GEMM_12_12_01': 0.00264}
TRSMU_01_12,GEMM_03_12_01,0.00264,{'TRSMU_01_12GEMM_03_12_01': 0.00264}
TRSMU_01_12,GEMM_09_12_01,0.00264,{'TRSMU_01_12GEMM_09_12_01': 0.00264}
TRSMU_01_12,GEMM_10_12_01,0.00264,{'TRSMU_01_12GEMM_10_12_01': 0.00264}
TRSMU_01_12,GEMM_14_12_01,0.00264,{'TRSMU_01_12GEMM_14_12_01': 0.00264}
GEMM_14_05_04,TRSML_14_05,0.0050999999999999995,{'GEMM_14_05_04TRSML_14_05': 0.0050999999999999995}
GEMM_13_07_04,GEMM_13_07_05,0.0050999999999999995,{'GEMM_13_07_04GEMM_13_07_05': 0.0050999999999999995}
GEMM_14_05_02,GEMM_14_05_03,0.0050999999999999995,{'GEMM_14_05_02GEMM_14_05_03': 0.0050999999999999995}
GEMM_13_07_02,GEMM_13_07_03,0.0050999999999999995,{'GEMM_13_07_02GEMM_13_07_03': 0.0050999999999999995}
GEMM_13_07_01,GEMM_13_07_02,0.0050999999999999995,{'GEMM_13_07_01GEMM_13_07_02': 0.0050999999999999995}
GEMM_14_05_01,GEMM_14_05_02,0.0050999999999999995,{'GEMM_14_05_01GEMM_14_05_02': 0.0050999999999999995}
TRSMU_03_14,GEMM_08_14_03,0.00264,{'TRSMU_03_14GEMM_08_14_03': 0.00264}
TRSMU_03_14,GEMM_06_14_03,0.00264,{'TRSMU_03_14GEMM_06_14_03': 0.00264}
TRSMU_03_14,GEMM_05_14_03,0.00264,{'TRSMU_03_14GEMM_05_14_03': 0.00264}
TRSMU_03_14,GEMM_14_14_03,0.00264,{'TRSMU_03_14GEMM_14_14_03': 0.00264}
TRSMU_03_14,GEMM_11_14_03,0.00264,{'TRSMU_03_14GEMM_11_14_03': 0.00264}
TRSMU_03_14,GEMM_04_14_03,0.00264,{'TRSMU_03_14GEMM_04_14_03': 0.00264}
TRSMU_03_14,GEMM_12_14_03,0.00264,{'TRSMU_03_14GEMM_12_14_03': 0.00264}
TRSMU_03_14,GEMM_07_14_03,0.00264,{'TRSMU_03_14GEMM_07_14_03': 0.00264}
TRSMU_03_14,GEMM_13_14_03,0.00264,{'TRSMU_03_14GEMM_13_14_03': 0.00264}
TRSMU_03_14,GEMM_09_14_03,0.00264,{'TRSMU_03_14GEMM_09_14_03': 0.00264}
TRSMU_03_14,GEMM_10_14_03,0.00264,{'TRSMU_03_14GEMM_10_14_03': 0.00264}
GEMM_13_05_04,TRSML_13_05,0.0050999999999999995,{'GEMM_13_05_04TRSML_13_05': 0.0050999999999999995}
GEMM_13_05_01,GEMM_13_05_02,0.0050999999999999995,{'GEMM_13_05_01GEMM_13_05_02': 0.0050999999999999995}
GEMM_13_05_00,GEMM_13_05_01,0.0050999999999999995,{'GEMM_13_05_00GEMM_13_05_01': 0.0050999999999999995}
GEMM_13_05_03,GEMM_13_05_04,0.0050999999999999995,{'GEMM_13_05_03GEMM_13_05_04': 0.0050999999999999995}
GEMM_13_05_02,GEMM_13_05_03,0.0050999999999999995,{'GEMM_13_05_02GEMM_13_05_03': 0.0050999999999999995}
GEMM_13_09_02,GEMM_13_09_03,0.0050999999999999995,{'GEMM_13_09_02GEMM_13_09_03': 0.0050999999999999995}
TRSMU_04_10,GEMM_07_10_04,0.00264,{'TRSMU_04_10GEMM_07_10_04': 0.00264}
TRSMU_04_10,GEMM_09_10_04,0.00264,{'TRSMU_04_10GEMM_09_10_04': 0.00264}
TRSMU_04_10,GEMM_12_10_04,0.00264,{'TRSMU_04_10GEMM_12_10_04': 0.00264}
TRSMU_04_10,GEMM_10_10_04,0.00264,{'TRSMU_04_10GEMM_10_10_04': 0.00264}
TRSMU_04_10,GEMM_06_10_04,0.00264,{'TRSMU_04_10GEMM_06_10_04': 0.00264}
TRSMU_04_10,GEMM_08_10_04,0.00264,{'TRSMU_04_10GEMM_08_10_04': 0.00264}
TRSMU_04_10,GEMM_13_10_04,0.00264,{'TRSMU_04_10GEMM_13_10_04': 0.00264}
TRSMU_04_10,GEMM_11_10_04,0.00264,{'TRSMU_04_10GEMM_11_10_04': 0.00264}
TRSMU_04_10,GEMM_14_10_04,0.00264,{'TRSMU_04_10GEMM_14_10_04': 0.00264}
TRSMU_04_10,GEMM_05_10_04,0.00264,{'TRSMU_04_10GEMM_05_10_04': 0.00264}
GEMM_11_14_05,GEMM_11_14_06,0.0050999999999999995,{'GEMM_11_14_05GEMM_11_14_06': 0.0050999999999999995}
GEMM_07_09_04,GEMM_07_09_05,0.0050999999999999995,{'GEMM_07_09_04GEMM_07_09_05': 0.0050999999999999995}
GEMM_06_07_05,TRSMU_06_07,0.0050999999999999995,{'GEMM_06_07_05TRSMU_06_07': 0.0050999999999999995}
GEMM_13_09_04,GEMM_13_09_05,0.0050999999999999995,{'GEMM_13_09_04GEMM_13_09_05': 0.0050999999999999995}
GEMM_12_12_04,GEMM_12_12_05,0.0050999999999999995,{'GEMM_12_12_04GEMM_12_12_05': 0.0050999999999999995}
GEMM_12_12_05,GEMM_12_12_06,0.0050999999999999995,{'GEMM_12_12_05GEMM_12_12_06': 0.0050999999999999995}
GEMM_12_12_06,GEMM_12_12_07,0.0050999999999999995,{'GEMM_12_12_06GEMM_12_12_07': 0.0050999999999999995}
GEMM_12_12_07,GEMM_12_12_08,0.0050999999999999995,{'GEMM_12_12_07GEMM_12_12_08': 0.0050999999999999995}
GEMM_12_12_00,GEMM_12_12_01,0.0050999999999999995,{'GEMM_12_12_00GEMM_12_12_01': 0.0050999999999999995}
GEMM_12_12_01,GEMM_12_12_02,0.0050999999999999995,{'GEMM_12_12_01GEMM_12_12_02': 0.0050999999999999995}
GEMM_12_12_02,GEMM_12_12_03,0.0050999999999999995,{'GEMM_12_12_02GEMM_12_12_03': 0.0050999999999999995}
GEMM_12_12_03,GEMM_12_12_04,0.0050999999999999995,{'GEMM_12_12_03GEMM_12_12_04': 0.0050999999999999995}
GEMM_13_04_02,GEMM_13_04_03,0.0050999999999999995,{'GEMM_13_04_02GEMM_13_04_03': 0.0050999999999999995}
GEMM_06_04_03,TRSML_06_04,0.0050999999999999995,{'GEMM_06_04_03TRSML_06_04': 0.0050999999999999995}
GEMM_11_14_06,GEMM_11_14_07,0.0050999999999999995,{'GEMM_11_14_06GEMM_11_14_07': 0.0050999999999999995}
GEMM_14_03_00,GEMM_14_03_01,0.0050999999999999995,{'GEMM_14_03_00GEMM_14_03_01': 0.0050999999999999995}
GEMM_14_03_01,GEMM_14_03_02,0.0050999999999999995,{'GEMM_14_03_01GEMM_14_03_02': 0.0050999999999999995}
GEMM_01_10_00,TRSMU_01_10,0.0050999999999999995,{'GEMM_01_10_00TRSMU_01_10': 0.0050999999999999995}
GEMM_13_04_03,TRSML_13_04,0.0050999999999999995,{'GEMM_13_04_03TRSML_13_04': 0.0050999999999999995}
TRSML_10_02,GEMM_10_13_02,0.00264,{'TRSML_10_02GEMM_10_13_02': 0.00264}
TRSML_10_02,GEMM_10_06_02,0.00264,{'TRSML_10_02GEMM_10_06_02': 0.00264}
TRSML_10_02,GEMM_10_07_02,0.00264,{'TRSML_10_02GEMM_10_07_02': 0.00264}
TRSML_10_02,GEMM_10_12_02,0.00264,{'TRSML_10_02GEMM_10_12_02': 0.00264}
TRSML_10_02,GEMM_10_04_02,0.00264,{'TRSML_10_02GEMM_10_04_02': 0.00264}
TRSML_10_02,GEMM_10_10_02,0.00264,{'TRSML_10_02GEMM_10_10_02': 0.00264}
TRSML_10_02,GEMM_10_08_02,0.00264,{'TRSML_10_02GEMM_10_08_02': 0.00264}
TRSML_10_02,GEMM_10_05_02,0.00264,{'TRSML_10_02GEMM_10_05_02': 0.00264}
TRSML_10_02,GEMM_10_03_02,0.00264,{'TRSML_10_02GEMM_10_03_02': 0.00264}
TRSML_10_02,GEMM_10_11_02,0.00264,{'TRSML_10_02GEMM_10_11_02': 0.00264}
TRSML_10_02,GEMM_10_09_02,0.00264,{'TRSML_10_02GEMM_10_09_02': 0.00264}
TRSML_10_02,GEMM_10_14_02,0.00264,{'TRSML_10_02GEMM_10_14_02': 0.00264}
TRSML_10_03,GEMM_10_14_03,0.00264,{'TRSML_10_03GEMM_10_14_03': 0.00264}
TRSML_10_03,GEMM_10_06_03,0.00264,{'TRSML_10_03GEMM_10_06_03': 0.00264}
TRSML_10_03,GEMM_10_13_03,0.00264,{'TRSML_10_03GEMM_10_13_03': 0.00264}
TRSML_10_03,GEMM_10_07_03,0.00264,{'TRSML_10_03GEMM_10_07_03': 0.00264}
TRSML_10_03,GEMM_10_11_03,0.00264,{'TRSML_10_03GEMM_10_11_03': 0.00264}
TRSML_10_03,GEMM_10_04_03,0.00264,{'TRSML_10_03GEMM_10_04_03': 0.00264}
TRSML_10_03,GEMM_10_08_03,0.00264,{'TRSML_10_03GEMM_10_08_03': 0.00264}
TRSML_10_03,GEMM_10_12_03,0.00264,{'TRSML_10_03GEMM_10_12_03': 0.00264}
TRSML_10_03,GEMM_10_05_03,0.00264,{'TRSML_10_03GEMM_10_05_03': 0.00264}
TRSML_10_03,GEMM_10_10_03,0.00264,{'TRSML_10_03GEMM_10_10_03': 0.00264}
TRSML_10_03,GEMM_10_09_03,0.00264,{'TRSML_10_03GEMM_10_09_03': 0.00264}
TRSML_10_00,GEMM_10_11_00,0.00264,{'TRSML_10_00GEMM_10_11_00': 0.00264}
TRSML_10_00,GEMM_10_01_00,0.00264,{'TRSML_10_00GEMM_10_01_00': 0.00264}
TRSML_10_00,GEMM_10_13_00,0.00264,{'TRSML_10_00GEMM_10_13_00': 0.00264}
TRSML_10_00,GEMM_10_10_00,0.00264,{'TRSML_10_00GEMM_10_10_00': 0.00264}
TRSML_10_00,GEMM_10_06_00,0.00264,{'TRSML_10_00GEMM_10_06_00': 0.00264}
TRSML_10_00,GEMM_10_07_00,0.00264,{'TRSML_10_00GEMM_10_07_00': 0.00264}
TRSML_10_00,GEMM_10_04_00,0.00264,{'TRSML_10_00GEMM_10_04_00': 0.00264}
TRSML_10_00,GEMM_10_14_00,0.00264,{'TRSML_10_00GEMM_10_14_00': 0.00264}
TRSML_10_00,GEMM_10_08_00,0.00264,{'TRSML_10_00GEMM_10_08_00': 0.00264}
TRSML_10_00,GEMM_10_02_00,0.00264,{'TRSML_10_00GEMM_10_02_00': 0.00264}
TRSML_10_00,GEMM_10_03_00,0.00264,{'TRSML_10_00GEMM_10_03_00': 0.00264}
TRSML_10_00,GEMM_10_05_00,0.00264,{'TRSML_10_00GEMM_10_05_00': 0.00264}
TRSML_10_00,GEMM_10_12_00,0.00264,{'TRSML_10_00GEMM_10_12_00': 0.00264}
TRSML_10_00,GEMM_10_09_00,0.00264,{'TRSML_10_00GEMM_10_09_00': 0.00264}
TRSML_10_01,GEMM_10_13_01,0.00264,{'TRSML_10_01GEMM_10_13_01': 0.00264}
TRSML_10_01,GEMM_10_12_01,0.00264,{'TRSML_10_01GEMM_10_12_01': 0.00264}
TRSML_10_01,GEMM_10_06_01,0.00264,{'TRSML_10_01GEMM_10_06_01': 0.00264}
TRSML_10_01,GEMM_10_07_01,0.00264,{'TRSML_10_01GEMM_10_07_01': 0.00264}
TRSML_10_01,GEMM_10_10_01,0.00264,{'TRSML_10_01GEMM_10_10_01': 0.00264}
TRSML_10_01,GEMM_10_04_01,0.00264,{'TRSML_10_01GEMM_10_04_01': 0.00264}
TRSML_10_01,GEMM_10_08_01,0.00264,{'TRSML_10_01GEMM_10_08_01': 0.00264}
TRSML_10_01,GEMM_10_02_01,0.00264,{'TRSML_10_01GEMM_10_02_01': 0.00264}
TRSML_10_01,GEMM_10_14_01,0.00264,{'TRSML_10_01GEMM_10_14_01': 0.00264}
TRSML_10_01,GEMM_10_03_01,0.00264,{'TRSML_10_01GEMM_10_03_01': 0.00264}
TRSML_10_01,GEMM_10_05_01,0.00264,{'TRSML_10_01GEMM_10_05_01': 0.00264}
TRSML_10_01,GEMM_10_11_01,0.00264,{'TRSML_10_01GEMM_10_11_01': 0.00264}
TRSML_10_01,GEMM_10_09_01,0.00264,{'TRSML_10_01GEMM_10_09_01': 0.00264}
TRSML_10_06,GEMM_10_07_06,0.00264,{'TRSML_10_06GEMM_10_07_06': 0.00264}
TRSML_10_06,GEMM_10_11_06,0.00264,{'TRSML_10_06GEMM_10_11_06': 0.00264}
TRSML_10_06,GEMM_10_08_06,0.00264,{'TRSML_10_06GEMM_10_08_06': 0.00264}
TRSML_10_06,GEMM_10_13_06,0.00264,{'TRSML_10_06GEMM_10_13_06': 0.00264}
TRSML_10_06,GEMM_10_09_06,0.00264,{'TRSML_10_06GEMM_10_09_06': 0.00264}
TRSML_10_06,GEMM_10_12_06,0.00264,{'TRSML_10_06GEMM_10_12_06': 0.00264}
TRSML_10_06,GEMM_10_10_06,0.00264,{'TRSML_10_06GEMM_10_10_06': 0.00264}
TRSML_10_06,GEMM_10_14_06,0.00264,{'TRSML_10_06GEMM_10_14_06': 0.00264}
GEMM_05_07_00,GEMM_05_07_01,0.0050999999999999995,{'GEMM_05_07_00GEMM_05_07_01': 0.0050999999999999995}
TRSML_10_04,GEMM_10_10_04,0.00264,{'TRSML_10_04GEMM_10_10_04': 0.00264}
TRSML_10_04,GEMM_10_07_04,0.00264,{'TRSML_10_04GEMM_10_07_04': 0.00264}
TRSML_10_04,GEMM_10_06_04,0.00264,{'TRSML_10_04GEMM_10_06_04': 0.00264}
TRSML_10_04,GEMM_10_08_04,0.00264,{'TRSML_10_04GEMM_10_08_04': 0.00264}
TRSML_10_04,GEMM_10_12_04,0.00264,{'TRSML_10_04GEMM_10_12_04': 0.00264}
TRSML_10_04,GEMM_10_09_04,0.00264,{'TRSML_10_04GEMM_10_09_04': 0.00264}
TRSML_10_04,GEMM_10_11_04,0.00264,{'TRSML_10_04GEMM_10_11_04': 0.00264}
TRSML_10_04,GEMM_10_14_04,0.00264,{'TRSML_10_04GEMM_10_14_04': 0.00264}
TRSML_10_04,GEMM_10_05_04,0.00264,{'TRSML_10_04GEMM_10_05_04': 0.00264}
TRSML_10_04,GEMM_10_13_04,0.00264,{'TRSML_10_04GEMM_10_13_04': 0.00264}
TRSML_10_05,GEMM_10_07_05,0.00264,{'TRSML_10_05GEMM_10_07_05': 0.00264}
TRSML_10_05,GEMM_10_11_05,0.00264,{'TRSML_10_05GEMM_10_11_05': 0.00264}
TRSML_10_05,GEMM_10_08_05,0.00264,{'TRSML_10_05GEMM_10_08_05': 0.00264}
TRSML_10_05,GEMM_10_13_05,0.00264,{'TRSML_10_05GEMM_10_13_05': 0.00264}
TRSML_10_05,GEMM_10_06_05,0.00264,{'TRSML_10_05GEMM_10_06_05': 0.00264}
TRSML_10_05,GEMM_10_10_05,0.00264,{'TRSML_10_05GEMM_10_10_05': 0.00264}
TRSML_10_05,GEMM_10_09_05,0.00264,{'TRSML_10_05GEMM_10_09_05': 0.00264}
TRSML_10_05,GEMM_10_14_05,0.00264,{'TRSML_10_05GEMM_10_14_05': 0.00264}
TRSML_10_05,GEMM_10_12_05,0.00264,{'TRSML_10_05GEMM_10_12_05': 0.00264}
GEMM_12_14_11,TRSMU_12_14,0.0050999999999999995,{'GEMM_12_14_11TRSMU_12_14': 0.0050999999999999995}
TRSML_10_08,GEMM_10_11_08,0.00264,{'TRSML_10_08GEMM_10_11_08': 0.00264}
TRSML_10_08,GEMM_10_10_08,0.00264,{'TRSML_10_08GEMM_10_10_08': 0.00264}
TRSML_10_08,GEMM_10_14_08,0.00264,{'TRSML_10_08GEMM_10_14_08': 0.00264}
TRSML_10_08,GEMM_10_12_08,0.00264,{'TRSML_10_08GEMM_10_12_08': 0.00264}
TRSML_10_08,GEMM_10_09_08,0.00264,{'TRSML_10_08GEMM_10_09_08': 0.00264}
TRSML_10_08,GEMM_10_13_08,0.00264,{'TRSML_10_08GEMM_10_13_08': 0.00264}
GEMM_13_04_01,GEMM_13_04_02,0.0050999999999999995,{'GEMM_13_04_01GEMM_13_04_02': 0.0050999999999999995}
GEMM_02_02_00,GEMM_02_02_01,0.0050999999999999995,{'GEMM_02_02_00GEMM_02_02_01': 0.0050999999999999995}
GEMM_02_02_01,GETRF_02,0.0050999999999999995,{'GEMM_02_02_01GETRF_02': 0.0050999999999999995}
GEMM_11_13_00,GEMM_11_13_01,0.0050999999999999995,{'GEMM_11_13_00GEMM_11_13_01': 0.0050999999999999995}
GEMM_11_13_01,GEMM_11_13_02,0.0050999999999999995,{'GEMM_11_13_01GEMM_11_13_02': 0.0050999999999999995}
GEMM_11_13_02,GEMM_11_13_03,0.0050999999999999995,{'GEMM_11_13_02GEMM_11_13_03': 0.0050999999999999995}
GEMM_11_13_03,GEMM_11_13_04,0.0050999999999999995,{'GEMM_11_13_03GEMM_11_13_04': 0.0050999999999999995}
GEMM_06_08_00,GEMM_06_08_01,0.0050999999999999995,{'GEMM_06_08_00GEMM_06_08_01': 0.0050999999999999995}
GEMM_06_08_01,GEMM_06_08_02,0.0050999999999999995,{'GEMM_06_08_01GEMM_06_08_02': 0.0050999999999999995}
GEMM_06_08_02,GEMM_06_08_03,0.0050999999999999995,{'GEMM_06_08_02GEMM_06_08_03': 0.0050999999999999995}
GEMM_06_08_03,GEMM_06_08_04,0.0050999999999999995,{'GEMM_06_08_03GEMM_06_08_04': 0.0050999999999999995}
GEMM_05_09_04,TRSMU_05_09,0.0050999999999999995,{'GEMM_05_09_04TRSMU_05_09': 0.0050999999999999995}
GEMM_11_11_07,GEMM_11_11_08,0.0050999999999999995,{'GEMM_11_11_07GEMM_11_11_08': 0.0050999999999999995}
GEMM_11_11_04,GEMM_11_11_05,0.0050999999999999995,{'GEMM_11_11_04GEMM_11_11_05': 0.0050999999999999995}
GEMM_11_11_05,GEMM_11_11_06,0.0050999999999999995,{'GEMM_11_11_05GEMM_11_11_06': 0.0050999999999999995}
GEMM_11_11_02,GEMM_11_11_03,0.0050999999999999995,{'GEMM_11_11_02GEMM_11_11_03': 0.0050999999999999995}
GEMM_11_11_03,GEMM_11_11_04,0.0050999999999999995,{'GEMM_11_11_03GEMM_11_11_04': 0.0050999999999999995}
GEMM_11_11_00,GEMM_11_11_01,0.0050999999999999995,{'GEMM_11_11_00GEMM_11_11_01': 0.0050999999999999995}
GEMM_11_11_01,GEMM_11_11_02,0.0050999999999999995,{'GEMM_11_11_01GEMM_11_11_02': 0.0050999999999999995}
GEMM_12_10_02,GEMM_12_10_03,0.0050999999999999995,{'GEMM_12_10_02GEMM_12_10_03': 0.0050999999999999995}
GEMM_12_10_03,GEMM_12_10_04,0.0050999999999999995,{'GEMM_12_10_03GEMM_12_10_04': 0.0050999999999999995}
GEMM_12_10_00,GEMM_12_10_01,0.0050999999999999995,{'GEMM_12_10_00GEMM_12_10_01': 0.0050999999999999995}
GEMM_12_10_01,GEMM_12_10_02,0.0050999999999999995,{'GEMM_12_10_01GEMM_12_10_02': 0.0050999999999999995}
GEMM_12_10_06,GEMM_12_10_07,0.0050999999999999995,{'GEMM_12_10_06GEMM_12_10_07': 0.0050999999999999995}
GEMM_12_10_07,GEMM_12_10_08,0.0050999999999999995,{'GEMM_12_10_07GEMM_12_10_08': 0.0050999999999999995}
GEMM_12_10_04,GEMM_12_10_05,0.0050999999999999995,{'GEMM_12_10_04GEMM_12_10_05': 0.0050999999999999995}
GEMM_12_10_05,GEMM_12_10_06,0.0050999999999999995,{'GEMM_12_10_05GEMM_12_10_06': 0.0050999999999999995}
GEMM_12_10_08,GEMM_12_10_09,0.0050999999999999995,{'GEMM_12_10_08GEMM_12_10_09': 0.0050999999999999995}
GEMM_12_10_09,TRSML_12_10,0.0050999999999999995,{'GEMM_12_10_09TRSML_12_10': 0.0050999999999999995}
TRSML_12_04,GEMM_12_06_04,0.00264,{'TRSML_12_04GEMM_12_06_04': 0.00264}
TRSML_12_04,GEMM_12_05_04,0.00264,{'TRSML_12_04GEMM_12_05_04': 0.00264}
TRSML_12_04,GEMM_12_10_04,0.00264,{'TRSML_12_04GEMM_12_10_04': 0.00264}
TRSML_12_04,GEMM_12_07_04,0.00264,{'TRSML_12_04GEMM_12_07_04': 0.00264}
TRSML_12_04,GEMM_12_14_04,0.00264,{'TRSML_12_04GEMM_12_14_04': 0.00264}
TRSML_12_04,GEMM_12_12_04,0.00264,{'TRSML_12_04GEMM_12_12_04': 0.00264}
TRSML_12_04,GEMM_12_13_04,0.00264,{'TRSML_12_04GEMM_12_13_04': 0.00264}
TRSML_12_04,GEMM_12_09_04,0.00264,{'TRSML_12_04GEMM_12_09_04': 0.00264}
TRSML_12_04,GEMM_12_11_04,0.00264,{'TRSML_12_04GEMM_12_11_04': 0.00264}
TRSML_12_04,GEMM_12_08_04,0.00264,{'TRSML_12_04GEMM_12_08_04': 0.00264}
GEMM_08_12_04,GEMM_08_12_05,0.0050999999999999995,{'GEMM_08_12_04GEMM_08_12_05': 0.0050999999999999995}
TRSML_12_06,GEMM_12_10_06,0.00264,{'TRSML_12_06GEMM_12_10_06': 0.00264}
TRSML_12_06,GEMM_12_07_06,0.00264,{'TRSML_12_06GEMM_12_07_06': 0.00264}
TRSML_12_06,GEMM_12_14_06,0.00264,{'TRSML_12_06GEMM_12_14_06': 0.00264}
TRSML_12_06,GEMM_12_12_06,0.00264,{'TRSML_12_06GEMM_12_12_06': 0.00264}
TRSML_12_06,GEMM_12_13_06,0.00264,{'TRSML_12_06GEMM_12_13_06': 0.00264}
TRSML_12_06,GEMM_12_09_06,0.00264,{'TRSML_12_06GEMM_12_09_06': 0.00264}
TRSML_12_06,GEMM_12_08_06,0.00264,{'TRSML_12_06GEMM_12_08_06': 0.00264}
TRSML_12_06,GEMM_12_11_06,0.00264,{'TRSML_12_06GEMM_12_11_06': 0.00264}
GEMM_08_12_06,GEMM_08_12_07,0.0050999999999999995,{'GEMM_08_12_06GEMM_08_12_07': 0.0050999999999999995}
GEMM_02_04_00,GEMM_02_04_01,0.0050999999999999995,{'GEMM_02_04_00GEMM_02_04_01': 0.0050999999999999995}
GEMM_02_04_01,TRSMU_02_04,0.0050999999999999995,{'GEMM_02_04_01TRSMU_02_04': 0.0050999999999999995}
TRSML_12_02,GEMM_12_03_02,0.00264,{'TRSML_12_02GEMM_12_03_02': 0.00264}
TRSML_12_02,GEMM_12_10_02,0.00264,{'TRSML_12_02GEMM_12_10_02': 0.00264}
TRSML_12_02,GEMM_12_05_02,0.00264,{'TRSML_12_02GEMM_12_05_02': 0.00264}
TRSML_12_02,GEMM_12_06_02,0.00264,{'TRSML_12_02GEMM_12_06_02': 0.00264}
TRSML_12_02,GEMM_12_14_02,0.00264,{'TRSML_12_02GEMM_12_14_02': 0.00264}
TRSML_12_02,GEMM_12_07_02,0.00264,{'TRSML_12_02GEMM_12_07_02': 0.00264}
TRSML_12_02,GEMM_12_13_02,0.00264,{'TRSML_12_02GEMM_12_13_02': 0.00264}
TRSML_12_02,GEMM_12_12_02,0.00264,{'TRSML_12_02GEMM_12_12_02': 0.00264}
TRSML_12_02,GEMM_12_08_02,0.00264,{'TRSML_12_02GEMM_12_08_02': 0.00264}
TRSML_12_02,GEMM_12_11_02,0.00264,{'TRSML_12_02GEMM_12_11_02': 0.00264}
TRSML_12_02,GEMM_12_04_02,0.00264,{'TRSML_12_02GEMM_12_04_02': 0.00264}
TRSML_12_02,GEMM_12_09_02,0.00264,{'TRSML_12_02GEMM_12_09_02': 0.00264}
GEMM_08_12_02,GEMM_08_12_03,0.0050999999999999995,{'GEMM_08_12_02GEMM_08_12_03': 0.0050999999999999995}
GEMM_05_10_03,GEMM_05_10_04,0.0050999999999999995,{'GEMM_05_10_03GEMM_05_10_04': 0.0050999999999999995}
TRSML_12_08,GEMM_12_14_08,0.00264,{'TRSML_12_08GEMM_12_14_08': 0.00264}
TRSML_12_08,GEMM_12_10_08,0.00264,{'TRSML_12_08GEMM_12_10_08': 0.00264}
TRSML_12_08,GEMM_12_11_08,0.00264,{'TRSML_12_08GEMM_12_11_08': 0.00264}
TRSML_12_08,GEMM_12_09_08,0.00264,{'TRSML_12_08GEMM_12_09_08': 0.00264}
TRSML_12_08,GEMM_12_13_08,0.00264,{'TRSML_12_08GEMM_12_13_08': 0.00264}
TRSML_12_08,GEMM_12_12_08,0.00264,{'TRSML_12_08GEMM_12_12_08': 0.00264}
TRSML_12_09,GEMM_12_11_09,0.00264,{'TRSML_12_09GEMM_12_11_09': 0.00264}
TRSML_12_09,GEMM_12_13_09,0.00264,{'TRSML_12_09GEMM_12_13_09': 0.00264}
TRSML_12_09,GEMM_12_10_09,0.00264,{'TRSML_12_09GEMM_12_10_09': 0.00264}
TRSML_12_09,GEMM_12_12_09,0.00264,{'TRSML_12_09GEMM_12_12_09': 0.00264}
TRSML_12_09,GEMM_12_14_09,0.00264,{'TRSML_12_09GEMM_12_14_09': 0.00264}
GEMM_01_03_00,TRSMU_01_03,0.0050999999999999995,{'GEMM_01_03_00TRSMU_01_03': 0.0050999999999999995}
TRSML_07_02,GEMM_07_06_02,0.00264,{'TRSML_07_02GEMM_07_06_02': 0.00264}
TRSML_07_02,GEMM_07_13_02,0.00264,{'TRSML_07_02GEMM_07_13_02': 0.00264}
TRSML_07_02,GEMM_07_09_02,0.00264,{'TRSML_07_02GEMM_07_09_02': 0.00264}
TRSML_07_02,GEMM_07_10_02,0.00264,{'TRSML_07_02GEMM_07_10_02': 0.00264}
TRSML_07_02,GEMM_07_07_02,0.00264,{'TRSML_07_02GEMM_07_07_02': 0.00264}
TRSML_07_02,GEMM_07_11_02,0.00264,{'TRSML_07_02GEMM_07_11_02': 0.00264}
TRSML_07_02,GEMM_07_04_02,0.00264,{'TRSML_07_02GEMM_07_04_02': 0.00264}
TRSML_07_02,GEMM_07_14_02,0.00264,{'TRSML_07_02GEMM_07_14_02': 0.00264}
TRSML_07_02,GEMM_07_05_02,0.00264,{'TRSML_07_02GEMM_07_05_02': 0.00264}
TRSML_07_02,GEMM_07_03_02,0.00264,{'TRSML_07_02GEMM_07_03_02': 0.00264}
TRSML_07_02,GEMM_07_12_02,0.00264,{'TRSML_07_02GEMM_07_12_02': 0.00264}
TRSML_07_02,GEMM_07_08_02,0.00264,{'TRSML_07_02GEMM_07_08_02': 0.00264}
TRSML_07_03,GEMM_07_06_03,0.00264,{'TRSML_07_03GEMM_07_06_03': 0.00264}
TRSML_07_03,GEMM_07_11_03,0.00264,{'TRSML_07_03GEMM_07_11_03': 0.00264}
TRSML_07_03,GEMM_07_09_03,0.00264,{'TRSML_07_03GEMM_07_09_03': 0.00264}
TRSML_07_03,GEMM_07_07_03,0.00264,{'TRSML_07_03GEMM_07_07_03': 0.00264}
TRSML_07_03,GEMM_07_04_03,0.00264,{'TRSML_07_03GEMM_07_04_03': 0.00264}
TRSML_07_03,GEMM_07_10_03,0.00264,{'TRSML_07_03GEMM_07_10_03': 0.00264}
TRSML_07_03,GEMM_07_05_03,0.00264,{'TRSML_07_03GEMM_07_05_03': 0.00264}
TRSML_07_03,GEMM_07_12_03,0.00264,{'TRSML_07_03GEMM_07_12_03': 0.00264}
TRSML_07_03,GEMM_07_14_03,0.00264,{'TRSML_07_03GEMM_07_14_03': 0.00264}
TRSML_07_03,GEMM_07_13_03,0.00264,{'TRSML_07_03GEMM_07_13_03': 0.00264}
TRSML_07_03,GEMM_07_08_03,0.00264,{'TRSML_07_03GEMM_07_08_03': 0.00264}
TRSML_07_00,GEMM_07_14_00,0.00264,{'TRSML_07_00GEMM_07_14_00': 0.00264}
TRSML_07_00,GEMM_07_06_00,0.00264,{'TRSML_07_00GEMM_07_06_00': 0.00264}
TRSML_07_00,GEMM_07_07_00,0.00264,{'TRSML_07_00GEMM_07_07_00': 0.00264}
TRSML_07_00,GEMM_07_09_00,0.00264,{'TRSML_07_00GEMM_07_09_00': 0.00264}
TRSML_07_00,GEMM_07_04_00,0.00264,{'TRSML_07_00GEMM_07_04_00': 0.00264}
TRSML_07_00,GEMM_07_12_00,0.00264,{'TRSML_07_00GEMM_07_12_00': 0.00264}
TRSML_07_00,GEMM_07_02_00,0.00264,{'TRSML_07_00GEMM_07_02_00': 0.00264}
TRSML_07_00,GEMM_07_03_00,0.00264,{'TRSML_07_00GEMM_07_03_00': 0.00264}
TRSML_07_00,GEMM_07_05_00,0.00264,{'TRSML_07_00GEMM_07_05_00': 0.00264}
TRSML_07_00,GEMM_07_11_00,0.00264,{'TRSML_07_00GEMM_07_11_00': 0.00264}
TRSML_07_00,GEMM_07_13_00,0.00264,{'TRSML_07_00GEMM_07_13_00': 0.00264}
TRSML_07_00,GEMM_07_10_00,0.00264,{'TRSML_07_00GEMM_07_10_00': 0.00264}
TRSML_07_00,GEMM_07_08_00,0.00264,{'TRSML_07_00GEMM_07_08_00': 0.00264}
TRSML_07_00,GEMM_07_01_00,0.00264,{'TRSML_07_00GEMM_07_01_00': 0.00264}
TRSML_07_01,GEMM_07_06_01,0.00264,{'TRSML_07_01GEMM_07_06_01': 0.00264}
TRSML_07_01,GEMM_07_07_01,0.00264,{'TRSML_07_01GEMM_07_07_01': 0.00264}
TRSML_07_01,GEMM_07_09_01,0.00264,{'TRSML_07_01GEMM_07_09_01': 0.00264}
TRSML_07_01,GEMM_07_04_01,0.00264,{'TRSML_07_01GEMM_07_04_01': 0.00264}
TRSML_07_01,GEMM_07_11_01,0.00264,{'TRSML_07_01GEMM_07_11_01': 0.00264}
TRSML_07_01,GEMM_07_02_01,0.00264,{'TRSML_07_01GEMM_07_02_01': 0.00264}
TRSML_07_01,GEMM_07_03_01,0.00264,{'TRSML_07_01GEMM_07_03_01': 0.00264}
TRSML_07_01,GEMM_07_05_01,0.00264,{'TRSML_07_01GEMM_07_05_01': 0.00264}
TRSML_07_01,GEMM_07_14_01,0.00264,{'TRSML_07_01GEMM_07_14_01': 0.00264}
TRSML_07_01,GEMM_07_12_01,0.00264,{'TRSML_07_01GEMM_07_12_01': 0.00264}
TRSML_07_01,GEMM_07_13_01,0.00264,{'TRSML_07_01GEMM_07_13_01': 0.00264}
TRSML_07_01,GEMM_07_08_01,0.00264,{'TRSML_07_01GEMM_07_08_01': 0.00264}
TRSML_07_01,GEMM_07_10_01,0.00264,{'TRSML_07_01GEMM_07_10_01': 0.00264}
TRSML_11_01,GEMM_11_13_01,0.00264,{'TRSML_11_01GEMM_11_13_01': 0.00264}
TRSML_11_01,GEMM_11_03_01,0.00264,{'TRSML_11_01GEMM_11_03_01': 0.00264}
TRSML_11_01,GEMM_11_09_01,0.00264,{'TRSML_11_01GEMM_11_09_01': 0.00264}
TRSML_11_01,GEMM_11_08_01,0.00264,{'TRSML_11_01GEMM_11_08_01': 0.00264}
TRSML_11_01,GEMM_11_05_01,0.00264,{'TRSML_11_01GEMM_11_05_01': 0.00264}
TRSML_11_01,GEMM_11_04_01,0.00264,{'TRSML_11_01GEMM_11_04_01': 0.00264}
TRSML_11_01,GEMM_11_02_01,0.00264,{'TRSML_11_01GEMM_11_02_01': 0.00264}
TRSML_11_01,GEMM_11_07_01,0.00264,{'TRSML_11_01GEMM_11_07_01': 0.00264}
TRSML_11_01,GEMM_11_12_01,0.00264,{'TRSML_11_01GEMM_11_12_01': 0.00264}
TRSML_11_01,GEMM_11_10_01,0.00264,{'TRSML_11_01GEMM_11_10_01': 0.00264}
TRSML_11_01,GEMM_11_11_01,0.00264,{'TRSML_11_01GEMM_11_11_01': 0.00264}
TRSML_11_01,GEMM_11_14_01,0.00264,{'TRSML_11_01GEMM_11_14_01': 0.00264}
TRSML_11_01,GEMM_11_06_01,0.00264,{'TRSML_11_01GEMM_11_06_01': 0.00264}
TRSML_11_00,GEMM_11_13_00,0.00264,{'TRSML_11_00GEMM_11_13_00': 0.00264}
TRSML_11_00,GEMM_11_01_00,0.00264,{'TRSML_11_00GEMM_11_01_00': 0.00264}
TRSML_11_00,GEMM_11_11_00,0.00264,{'TRSML_11_00GEMM_11_11_00': 0.00264}
TRSML_11_00,GEMM_11_03_00,0.00264,{'TRSML_11_00GEMM_11_03_00': 0.00264}
TRSML_11_00,GEMM_11_09_00,0.00264,{'TRSML_11_00GEMM_11_09_00': 0.00264}
TRSML_11_00,GEMM_11_08_00,0.00264,{'TRSML_11_00GEMM_11_08_00': 0.00264}
TRSML_11_00,GEMM_11_05_00,0.00264,{'TRSML_11_00GEMM_11_05_00': 0.00264}
TRSML_11_00,GEMM_11_04_00,0.00264,{'TRSML_11_00GEMM_11_04_00': 0.00264}
TRSML_11_00,GEMM_11_02_00,0.00264,{'TRSML_11_00GEMM_11_02_00': 0.00264}
TRSML_11_00,GEMM_11_07_00,0.00264,{'TRSML_11_00GEMM_11_07_00': 0.00264}
TRSML_11_00,GEMM_11_14_00,0.00264,{'TRSML_11_00GEMM_11_14_00': 0.00264}
TRSML_11_00,GEMM_11_12_00,0.00264,{'TRSML_11_00GEMM_11_12_00': 0.00264}
TRSML_11_00,GEMM_11_06_00,0.00264,{'TRSML_11_00GEMM_11_06_00': 0.00264}
TRSML_11_00,GEMM_11_10_00,0.00264,{'TRSML_11_00GEMM_11_10_00': 0.00264}
TRSML_11_03,GEMM_11_10_03,0.00264,{'TRSML_11_03GEMM_11_10_03': 0.00264}
TRSML_11_03,GEMM_11_11_03,0.00264,{'TRSML_11_03GEMM_11_11_03': 0.00264}
TRSML_11_03,GEMM_11_09_03,0.00264,{'TRSML_11_03GEMM_11_09_03': 0.00264}
TRSML_11_03,GEMM_11_12_03,0.00264,{'TRSML_11_03GEMM_11_12_03': 0.00264}
TRSML_11_03,GEMM_11_14_03,0.00264,{'TRSML_11_03GEMM_11_14_03': 0.00264}
TRSML_11_03,GEMM_11_05_03,0.00264,{'TRSML_11_03GEMM_11_05_03': 0.00264}
TRSML_11_03,GEMM_11_08_03,0.00264,{'TRSML_11_03GEMM_11_08_03': 0.00264}
TRSML_11_03,GEMM_11_04_03,0.00264,{'TRSML_11_03GEMM_11_04_03': 0.00264}
TRSML_11_03,GEMM_11_07_03,0.00264,{'TRSML_11_03GEMM_11_07_03': 0.00264}
TRSML_11_03,GEMM_11_13_03,0.00264,{'TRSML_11_03GEMM_11_13_03': 0.00264}
TRSML_11_03,GEMM_11_06_03,0.00264,{'TRSML_11_03GEMM_11_06_03': 0.00264}
TRSML_11_02,GEMM_11_14_02,0.00264,{'TRSML_11_02GEMM_11_14_02': 0.00264}
TRSML_11_02,GEMM_11_09_02,0.00264,{'TRSML_11_02GEMM_11_09_02': 0.00264}
TRSML_11_02,GEMM_11_03_02,0.00264,{'TRSML_11_02GEMM_11_03_02': 0.00264}
TRSML_11_02,GEMM_11_05_02,0.00264,{'TRSML_11_02GEMM_11_05_02': 0.00264}
TRSML_11_02,GEMM_11_08_02,0.00264,{'TRSML_11_02GEMM_11_08_02': 0.00264}
TRSML_11_02,GEMM_11_10_02,0.00264,{'TRSML_11_02GEMM_11_10_02': 0.00264}
TRSML_11_02,GEMM_11_11_02,0.00264,{'TRSML_11_02GEMM_11_11_02': 0.00264}
TRSML_11_02,GEMM_11_04_02,0.00264,{'TRSML_11_02GEMM_11_04_02': 0.00264}
TRSML_11_02,GEMM_11_07_02,0.00264,{'TRSML_11_02GEMM_11_07_02': 0.00264}
TRSML_11_02,GEMM_11_06_02,0.00264,{'TRSML_11_02GEMM_11_06_02': 0.00264}
TRSML_11_02,GEMM_11_13_02,0.00264,{'TRSML_11_02GEMM_11_13_02': 0.00264}
TRSML_11_02,GEMM_11_12_02,0.00264,{'TRSML_11_02GEMM_11_12_02': 0.00264}
GEMM_13_06_05,TRSML_13_06,0.0050999999999999995,{'GEMM_13_06_05TRSML_13_06': 0.0050999999999999995}
TRSMU_10_11,GEMM_14_11_10,0.00264,{'TRSMU_10_11GEMM_14_11_10': 0.00264}
TRSMU_10_11,GEMM_12_11_10,0.00264,{'TRSMU_10_11GEMM_12_11_10': 0.00264}
TRSMU_10_11,GEMM_13_11_10,0.00264,{'TRSMU_10_11GEMM_13_11_10': 0.00264}
TRSMU_10_11,GEMM_11_11_10,0.00264,{'TRSMU_10_11GEMM_11_11_10': 0.00264}
TRSML_11_09,GEMM_11_14_09,0.00264,{'TRSML_11_09GEMM_11_14_09': 0.00264}
TRSML_11_09,GEMM_11_13_09,0.00264,{'TRSML_11_09GEMM_11_13_09': 0.00264}
TRSML_11_09,GEMM_11_10_09,0.00264,{'TRSML_11_09GEMM_11_10_09': 0.00264}
TRSML_11_09,GEMM_11_12_09,0.00264,{'TRSML_11_09GEMM_11_12_09': 0.00264}
TRSML_11_09,GEMM_11_11_09,0.00264,{'TRSML_11_09GEMM_11_11_09': 0.00264}
TRSML_11_08,GEMM_11_14_08,0.00264,{'TRSML_11_08GEMM_11_14_08': 0.00264}
TRSML_11_08,GEMM_11_09_08,0.00264,{'TRSML_11_08GEMM_11_09_08': 0.00264}
TRSML_11_08,GEMM_11_12_08,0.00264,{'TRSML_11_08GEMM_11_12_08': 0.00264}
TRSML_11_08,GEMM_11_11_08,0.00264,{'TRSML_11_08GEMM_11_11_08': 0.00264}
TRSML_11_08,GEMM_11_13_08,0.00264,{'TRSML_11_08GEMM_11_13_08': 0.00264}
TRSML_11_08,GEMM_11_10_08,0.00264,{'TRSML_11_08GEMM_11_10_08': 0.00264}
GEMM_02_10_01,TRSMU_02_10,0.0050999999999999995,{'GEMM_02_10_01TRSMU_02_10': 0.0050999999999999995}
GEMM_02_10_00,GEMM_02_10_01,0.0050999999999999995,{'GEMM_02_10_00GEMM_02_10_01': 0.0050999999999999995}
GEMM_06_06_00,GEMM_06_06_01,0.0050999999999999995,{'GEMM_06_06_00GEMM_06_06_01': 0.0050999999999999995}
GEMM_04_12_00,GEMM_04_12_01,0.0050999999999999995,{'GEMM_04_12_00GEMM_04_12_01': 0.0050999999999999995}
GEMM_13_06_00,GEMM_13_06_01,0.0050999999999999995,{'GEMM_13_06_00GEMM_13_06_01': 0.0050999999999999995}
GEMM_13_06_01,GEMM_13_06_02,0.0050999999999999995,{'GEMM_13_06_01GEMM_13_06_02': 0.0050999999999999995}
GEMM_14_02_01,TRSML_14_02,0.0050999999999999995,{'GEMM_14_02_01TRSML_14_02': 0.0050999999999999995}
GEMM_14_02_00,GEMM_14_02_01,0.0050999999999999995,{'GEMM_14_02_00GEMM_14_02_01': 0.0050999999999999995}
GEMM_13_06_04,GEMM_13_06_05,0.0050999999999999995,{'GEMM_13_06_04GEMM_13_06_05': 0.0050999999999999995}
GEMM_03_06_02,TRSMU_03_06,0.0050999999999999995,{'GEMM_03_06_02TRSMU_03_06': 0.0050999999999999995}
GEMM_03_06_01,GEMM_03_06_02,0.0050999999999999995,{'GEMM_03_06_01GEMM_03_06_02': 0.0050999999999999995}
GEMM_03_06_00,GEMM_03_06_01,0.0050999999999999995,{'GEMM_03_06_00GEMM_03_06_01': 0.0050999999999999995}
GEMM_08_14_03,GEMM_08_14_04,0.0050999999999999995,{'GEMM_08_14_03GEMM_08_14_04': 0.0050999999999999995}
GEMM_08_14_02,GEMM_08_14_03,0.0050999999999999995,{'GEMM_08_14_02GEMM_08_14_03': 0.0050999999999999995}
GEMM_02_06_00,GEMM_02_06_01,0.0050999999999999995,{'GEMM_02_06_00GEMM_02_06_01': 0.0050999999999999995}
GEMM_02_06_01,TRSMU_02_06,0.0050999999999999995,{'GEMM_02_06_01TRSMU_02_06': 0.0050999999999999995}
GEMM_08_14_07,TRSMU_08_14,0.0050999999999999995,{'GEMM_08_14_07TRSMU_08_14': 0.0050999999999999995}
GEMM_08_14_06,GEMM_08_14_07,0.0050999999999999995,{'GEMM_08_14_06GEMM_08_14_07': 0.0050999999999999995}
GEMM_08_14_05,GEMM_08_14_06,0.0050999999999999995,{'GEMM_08_14_05GEMM_08_14_06': 0.0050999999999999995}
GEMM_08_14_04,GEMM_08_14_05,0.0050999999999999995,{'GEMM_08_14_04GEMM_08_14_05': 0.0050999999999999995}
GEMM_13_13_09,GEMM_13_13_10,0.0050999999999999995,{'GEMM_13_13_09GEMM_13_13_10': 0.0050999999999999995}
GEMM_11_10_08,GEMM_11_10_09,0.0050999999999999995,{'GEMM_11_10_08GEMM_11_10_09': 0.0050999999999999995}
GEMM_04_07_03,TRSMU_04_07,0.0050999999999999995,{'GEMM_04_07_03TRSMU_04_07': 0.0050999999999999995}
GEMM_04_07_02,GEMM_04_07_03,0.0050999999999999995,{'GEMM_04_07_02GEMM_04_07_03': 0.0050999999999999995}
GEMM_04_07_01,GEMM_04_07_02,0.0050999999999999995,{'GEMM_04_07_01GEMM_04_07_02': 0.0050999999999999995}
GEMM_04_07_00,GEMM_04_07_01,0.0050999999999999995,{'GEMM_04_07_00GEMM_04_07_01': 0.0050999999999999995}
GEMM_12_13_03,GEMM_12_13_04,0.0050999999999999995,{'GEMM_12_13_03GEMM_12_13_04': 0.0050999999999999995}
GEMM_06_06_01,GEMM_06_06_02,0.0050999999999999995,{'GEMM_06_06_01GEMM_06_06_02': 0.0050999999999999995}
GEMM_12_13_01,GEMM_12_13_02,0.0050999999999999995,{'GEMM_12_13_01GEMM_12_13_02': 0.0050999999999999995}
GEMM_12_13_00,GEMM_12_13_01,0.0050999999999999995,{'GEMM_12_13_00GEMM_12_13_01': 0.0050999999999999995}
TRSML_05_00,GEMM_05_08_00,0.00264,{'TRSML_05_00GEMM_05_08_00': 0.00264}
TRSML_05_00,GEMM_05_09_00,0.00264,{'TRSML_05_00GEMM_05_09_00': 0.00264}
TRSML_05_00,GEMM_05_14_00,0.00264,{'TRSML_05_00GEMM_05_14_00': 0.00264}
TRSML_05_00,GEMM_05_07_00,0.00264,{'TRSML_05_00GEMM_05_07_00': 0.00264}
TRSML_05_00,GEMM_05_11_00,0.00264,{'TRSML_05_00GEMM_05_11_00': 0.00264}
TRSML_05_00,GEMM_05_12_00,0.00264,{'TRSML_05_00GEMM_05_12_00': 0.00264}
TRSML_05_00,GEMM_05_13_00,0.00264,{'TRSML_05_00GEMM_05_13_00': 0.00264}
TRSML_05_00,GEMM_05_01_00,0.00264,{'TRSML_05_00GEMM_05_01_00': 0.00264}
TRSML_05_00,GEMM_05_02_00,0.00264,{'TRSML_05_00GEMM_05_02_00': 0.00264}
TRSML_05_00,GEMM_05_04_00,0.00264,{'TRSML_05_00GEMM_05_04_00': 0.00264}
TRSML_05_00,GEMM_05_05_00,0.00264,{'TRSML_05_00GEMM_05_05_00': 0.00264}
TRSML_05_00,GEMM_05_10_00,0.00264,{'TRSML_05_00GEMM_05_10_00': 0.00264}
TRSML_05_00,GEMM_05_03_00,0.00264,{'TRSML_05_00GEMM_05_03_00': 0.00264}
TRSML_05_00,GEMM_05_06_00,0.00264,{'TRSML_05_00GEMM_05_06_00': 0.00264}
TRSML_05_01,GEMM_05_11_01,0.00264,{'TRSML_05_01GEMM_05_11_01': 0.00264}
TRSML_05_01,GEMM_05_08_01,0.00264,{'TRSML_05_01GEMM_05_08_01': 0.00264}
TRSML_05_01,GEMM_05_10_01,0.00264,{'TRSML_05_01GEMM_05_10_01': 0.00264}
TRSML_05_01,GEMM_05_09_01,0.00264,{'TRSML_05_01GEMM_05_09_01': 0.00264}
TRSML_05_01,GEMM_05_07_01,0.00264,{'TRSML_05_01GEMM_05_07_01': 0.00264}
TRSML_05_01,GEMM_05_13_01,0.00264,{'TRSML_05_01GEMM_05_13_01': 0.00264}
TRSML_05_01,GEMM_05_14_01,0.00264,{'TRSML_05_01GEMM_05_14_01': 0.00264}
TRSML_05_01,GEMM_05_12_01,0.00264,{'TRSML_05_01GEMM_05_12_01': 0.00264}
TRSML_05_01,GEMM_05_02_01,0.00264,{'TRSML_05_01GEMM_05_02_01': 0.00264}
TRSML_05_01,GEMM_05_04_01,0.00264,{'TRSML_05_01GEMM_05_04_01': 0.00264}
TRSML_05_01,GEMM_05_05_01,0.00264,{'TRSML_05_01GEMM_05_05_01': 0.00264}
TRSML_05_01,GEMM_05_03_01,0.00264,{'TRSML_05_01GEMM_05_03_01': 0.00264}
TRSML_05_01,GEMM_05_06_01,0.00264,{'TRSML_05_01GEMM_05_06_01': 0.00264}
TRSML_05_02,GEMM_05_08_02,0.00264,{'TRSML_05_02GEMM_05_08_02': 0.00264}
TRSML_05_02,GEMM_05_07_02,0.00264,{'TRSML_05_02GEMM_05_07_02': 0.00264}
TRSML_05_02,GEMM_05_09_02,0.00264,{'TRSML_05_02GEMM_05_09_02': 0.00264}
TRSML_05_02,GEMM_05_13_02,0.00264,{'TRSML_05_02GEMM_05_13_02': 0.00264}
TRSML_05_02,GEMM_05_12_02,0.00264,{'TRSML_05_02GEMM_05_12_02': 0.00264}
TRSML_05_02,GEMM_05_10_02,0.00264,{'TRSML_05_02GEMM_05_10_02': 0.00264}
TRSML_05_02,GEMM_05_11_02,0.00264,{'TRSML_05_02GEMM_05_11_02': 0.00264}
TRSML_05_02,GEMM_05_04_02,0.00264,{'TRSML_05_02GEMM_05_04_02': 0.00264}
TRSML_05_02,GEMM_05_03_02,0.00264,{'TRSML_05_02GEMM_05_03_02': 0.00264}
TRSML_05_02,GEMM_05_14_02,0.00264,{'TRSML_05_02GEMM_05_14_02': 0.00264}
TRSML_05_02,GEMM_05_05_02,0.00264,{'TRSML_05_02GEMM_05_05_02': 0.00264}
TRSML_05_02,GEMM_05_06_02,0.00264,{'TRSML_05_02GEMM_05_06_02': 0.00264}
TRSML_05_03,GEMM_05_08_03,0.00264,{'TRSML_05_03GEMM_05_08_03': 0.00264}
TRSML_05_03,GEMM_05_07_03,0.00264,{'TRSML_05_03GEMM_05_07_03': 0.00264}
TRSML_05_03,GEMM_05_09_03,0.00264,{'TRSML_05_03GEMM_05_09_03': 0.00264}
TRSML_05_03,GEMM_05_13_03,0.00264,{'TRSML_05_03GEMM_05_13_03': 0.00264}
TRSML_05_03,GEMM_05_12_03,0.00264,{'TRSML_05_03GEMM_05_12_03': 0.00264}
TRSML_05_03,GEMM_05_11_03,0.00264,{'TRSML_05_03GEMM_05_11_03': 0.00264}
TRSML_05_03,GEMM_05_04_03,0.00264,{'TRSML_05_03GEMM_05_04_03': 0.00264}
TRSML_05_03,GEMM_05_10_03,0.00264,{'TRSML_05_03GEMM_05_10_03': 0.00264}
TRSML_05_03,GEMM_05_05_03,0.00264,{'TRSML_05_03GEMM_05_05_03': 0.00264}
TRSML_05_03,GEMM_05_06_03,0.00264,{'TRSML_05_03GEMM_05_06_03': 0.00264}
TRSML_05_03,GEMM_05_14_03,0.00264,{'TRSML_05_03GEMM_05_14_03': 0.00264}
GEMM_12_13_09,GEMM_12_13_10,0.0050999999999999995,{'GEMM_12_13_09GEMM_12_13_10': 0.0050999999999999995}
GEMM_12_13_08,GEMM_12_13_09,0.0050999999999999995,{'GEMM_12_13_08GEMM_12_13_09': 0.0050999999999999995}
TRSMU_04_11,GEMM_07_11_04,0.00264,{'TRSMU_04_11GEMM_07_11_04': 0.00264}
TRSMU_04_11,GEMM_13_11_04,0.00264,{'TRSMU_04_11GEMM_13_11_04': 0.00264}
TRSMU_04_11,GEMM_14_11_04,0.00264,{'TRSMU_04_11GEMM_14_11_04': 0.00264}
TRSMU_04_11,GEMM_10_11_04,0.00264,{'TRSMU_04_11GEMM_10_11_04': 0.00264}
TRSMU_04_11,GEMM_06_11_04,0.00264,{'TRSMU_04_11GEMM_06_11_04': 0.00264}
TRSMU_04_11,GEMM_08_11_04,0.00264,{'TRSMU_04_11GEMM_08_11_04': 0.00264}
TRSMU_04_11,GEMM_05_11_04,0.00264,{'TRSMU_04_11GEMM_05_11_04': 0.00264}
TRSMU_04_11,GEMM_09_11_04,0.00264,{'TRSMU_04_11GEMM_09_11_04': 0.00264}
TRSMU_04_11,GEMM_11_11_04,0.00264,{'TRSMU_04_11GEMM_11_11_04': 0.00264}
TRSMU_04_11,GEMM_12_11_04,0.00264,{'TRSMU_04_11GEMM_12_11_04': 0.00264}
GEMM_09_06_01,GEMM_09_06_02,0.0050999999999999995,{'GEMM_09_06_01GEMM_09_06_02': 0.0050999999999999995}
TRSMU_04_13,GEMM_06_13_04,0.00264,{'TRSMU_04_13GEMM_06_13_04': 0.00264}
TRSMU_04_13,GEMM_07_13_04,0.00264,{'TRSMU_04_13GEMM_07_13_04': 0.00264}
TRSMU_04_13,GEMM_05_13_04,0.00264,{'TRSMU_04_13GEMM_05_13_04': 0.00264}
TRSMU_04_13,GEMM_14_13_04,0.00264,{'TRSMU_04_13GEMM_14_13_04': 0.00264}
TRSMU_04_13,GEMM_09_13_04,0.00264,{'TRSMU_04_13GEMM_09_13_04': 0.00264}
TRSMU_04_13,GEMM_11_13_04,0.00264,{'TRSMU_04_13GEMM_11_13_04': 0.00264}
TRSMU_04_13,GEMM_10_13_04,0.00264,{'TRSMU_04_13GEMM_10_13_04': 0.00264}
TRSMU_04_13,GEMM_12_13_04,0.00264,{'TRSMU_04_13GEMM_12_13_04': 0.00264}
TRSMU_04_13,GEMM_08_13_04,0.00264,{'TRSMU_04_13GEMM_08_13_04': 0.00264}
TRSMU_04_13,GEMM_13_13_04,0.00264,{'TRSMU_04_13GEMM_13_13_04': 0.00264}
TRSMU_04_12,GEMM_06_12_04,0.00264,{'TRSMU_04_12GEMM_06_12_04': 0.00264}
TRSMU_04_12,GEMM_05_12_04,0.00264,{'TRSMU_04_12GEMM_05_12_04': 0.00264}
TRSMU_04_12,GEMM_11_12_04,0.00264,{'TRSMU_04_12GEMM_11_12_04': 0.00264}
TRSMU_04_12,GEMM_12_12_04,0.00264,{'TRSMU_04_12GEMM_12_12_04': 0.00264}
TRSMU_04_12,GEMM_08_12_04,0.00264,{'TRSMU_04_12GEMM_08_12_04': 0.00264}
TRSMU_04_12,GEMM_13_12_04,0.00264,{'TRSMU_04_12GEMM_13_12_04': 0.00264}
TRSMU_04_12,GEMM_07_12_04,0.00264,{'TRSMU_04_12GEMM_07_12_04': 0.00264}
TRSMU_04_12,GEMM_14_12_04,0.00264,{'TRSMU_04_12GEMM_14_12_04': 0.00264}
TRSMU_04_12,GEMM_09_12_04,0.00264,{'TRSMU_04_12GEMM_09_12_04': 0.00264}
TRSMU_04_12,GEMM_10_12_04,0.00264,{'TRSMU_04_12GEMM_10_12_04': 0.00264}
GEMM_03_04_01,GEMM_03_04_02,0.0050999999999999995,{'GEMM_03_04_01GEMM_03_04_02': 0.0050999999999999995}
GEMM_03_04_00,GEMM_03_04_01,0.0050999999999999995,{'GEMM_03_04_00GEMM_03_04_01': 0.0050999999999999995}
GEMM_02_09_01,TRSMU_02_09,0.0050999999999999995,{'GEMM_02_09_01TRSMU_02_09': 0.0050999999999999995}
GEMM_09_06_00,GEMM_09_06_01,0.0050999999999999995,{'GEMM_09_06_00GEMM_09_06_01': 0.0050999999999999995}
TRSML_14_06,GEMM_14_14_06,0.00264,{'TRSML_14_06GEMM_14_14_06': 0.00264}
TRSML_14_06,GEMM_14_09_06,0.00264,{'TRSML_14_06GEMM_14_09_06': 0.00264}
TRSML_14_06,GEMM_14_11_06,0.00264,{'TRSML_14_06GEMM_14_11_06': 0.00264}
TRSML_14_06,GEMM_14_07_06,0.00264,{'TRSML_14_06GEMM_14_07_06': 0.00264}
TRSML_14_06,GEMM_14_13_06,0.00264,{'TRSML_14_06GEMM_14_13_06': 0.00264}
TRSML_14_06,GEMM_14_10_06,0.00264,{'TRSML_14_06GEMM_14_10_06': 0.00264}
TRSML_14_06,GEMM_14_12_06,0.00264,{'TRSML_14_06GEMM_14_12_06': 0.00264}
TRSML_14_06,GEMM_14_08_06,0.00264,{'TRSML_14_06GEMM_14_08_06': 0.00264}
TRSML_14_07,GEMM_14_14_07,0.00264,{'TRSML_14_07GEMM_14_14_07': 0.00264}
TRSML_14_07,GEMM_14_09_07,0.00264,{'TRSML_14_07GEMM_14_09_07': 0.00264}
TRSML_14_07,GEMM_14_11_07,0.00264,{'TRSML_14_07GEMM_14_11_07': 0.00264}
TRSML_14_07,GEMM_14_13_07,0.00264,{'TRSML_14_07GEMM_14_13_07': 0.00264}
TRSML_14_07,GEMM_14_10_07,0.00264,{'TRSML_14_07GEMM_14_10_07': 0.00264}
TRSML_14_07,GEMM_14_12_07,0.00264,{'TRSML_14_07GEMM_14_12_07': 0.00264}
TRSML_14_07,GEMM_14_08_07,0.00264,{'TRSML_14_07GEMM_14_08_07': 0.00264}
TRSML_14_04,GEMM_14_14_04,0.00264,{'TRSML_14_04GEMM_14_14_04': 0.00264}
TRSML_14_04,GEMM_14_06_04,0.00264,{'TRSML_14_04GEMM_14_06_04': 0.00264}
TRSML_14_04,GEMM_14_09_04,0.00264,{'TRSML_14_04GEMM_14_09_04': 0.00264}
TRSML_14_04,GEMM_14_11_04,0.00264,{'TRSML_14_04GEMM_14_11_04': 0.00264}
TRSML_14_04,GEMM_14_07_04,0.00264,{'TRSML_14_04GEMM_14_07_04': 0.00264}
TRSML_14_04,GEMM_14_13_04,0.00264,{'TRSML_14_04GEMM_14_13_04': 0.00264}
TRSML_14_04,GEMM_14_05_04,0.00264,{'TRSML_14_04GEMM_14_05_04': 0.00264}
TRSML_14_04,GEMM_14_10_04,0.00264,{'TRSML_14_04GEMM_14_10_04': 0.00264}
TRSML_14_04,GEMM_14_12_04,0.00264,{'TRSML_14_04GEMM_14_12_04': 0.00264}
TRSML_14_04,GEMM_14_08_04,0.00264,{'TRSML_14_04GEMM_14_08_04': 0.00264}
TRSML_14_05,GEMM_14_14_05,0.00264,{'TRSML_14_05GEMM_14_14_05': 0.00264}
TRSML_14_05,GEMM_14_06_05,0.00264,{'TRSML_14_05GEMM_14_06_05': 0.00264}
TRSML_14_05,GEMM_14_09_05,0.00264,{'TRSML_14_05GEMM_14_09_05': 0.00264}
TRSML_14_05,GEMM_14_11_05,0.00264,{'TRSML_14_05GEMM_14_11_05': 0.00264}
TRSML_14_05,GEMM_14_07_05,0.00264,{'TRSML_14_05GEMM_14_07_05': 0.00264}
TRSML_14_05,GEMM_14_13_05,0.00264,{'TRSML_14_05GEMM_14_13_05': 0.00264}
TRSML_14_05,GEMM_14_10_05,0.00264,{'TRSML_14_05GEMM_14_10_05': 0.00264}
TRSML_14_05,GEMM_14_12_05,0.00264,{'TRSML_14_05GEMM_14_12_05': 0.00264}
TRSML_14_05,GEMM_14_08_05,0.00264,{'TRSML_14_05GEMM_14_08_05': 0.00264}
TRSML_14_02,GEMM_14_09_02,0.00264,{'TRSML_14_02GEMM_14_09_02': 0.00264}
TRSML_14_02,GEMM_14_06_02,0.00264,{'TRSML_14_02GEMM_14_06_02': 0.00264}
TRSML_14_02,GEMM_14_14_02,0.00264,{'TRSML_14_02GEMM_14_14_02': 0.00264}
TRSML_14_02,GEMM_14_07_02,0.00264,{'TRSML_14_02GEMM_14_07_02': 0.00264}
TRSML_14_02,GEMM_14_11_02,0.00264,{'TRSML_14_02GEMM_14_11_02': 0.00264}
TRSML_14_02,GEMM_14_04_02,0.00264,{'TRSML_14_02GEMM_14_04_02': 0.00264}
TRSML_14_02,GEMM_14_10_02,0.00264,{'TRSML_14_02GEMM_14_10_02': 0.00264}
TRSML_14_02,GEMM_14_05_02,0.00264,{'TRSML_14_02GEMM_14_05_02': 0.00264}
TRSML_14_02,GEMM_14_13_02,0.00264,{'TRSML_14_02GEMM_14_13_02': 0.00264}
TRSML_14_02,GEMM_14_08_02,0.00264,{'TRSML_14_02GEMM_14_08_02': 0.00264}
TRSML_14_02,GEMM_14_12_02,0.00264,{'TRSML_14_02GEMM_14_12_02': 0.00264}
TRSML_14_02,GEMM_14_03_02,0.00264,{'TRSML_14_02GEMM_14_03_02': 0.00264}
TRSML_14_03,GEMM_14_09_03,0.00264,{'TRSML_14_03GEMM_14_09_03': 0.00264}
TRSML_14_03,GEMM_14_06_03,0.00264,{'TRSML_14_03GEMM_14_06_03': 0.00264}
TRSML_14_03,GEMM_14_14_03,0.00264,{'TRSML_14_03GEMM_14_14_03': 0.00264}
TRSML_14_03,GEMM_14_07_03,0.00264,{'TRSML_14_03GEMM_14_07_03': 0.00264}
TRSML_14_03,GEMM_14_11_03,0.00264,{'TRSML_14_03GEMM_14_11_03': 0.00264}
TRSML_14_03,GEMM_14_04_03,0.00264,{'TRSML_14_03GEMM_14_04_03': 0.00264}
TRSML_14_03,GEMM_14_10_03,0.00264,{'TRSML_14_03GEMM_14_10_03': 0.00264}
TRSML_14_03,GEMM_14_05_03,0.00264,{'TRSML_14_03GEMM_14_05_03': 0.00264}
TRSML_14_03,GEMM_14_13_03,0.00264,{'TRSML_14_03GEMM_14_13_03': 0.00264}
TRSML_14_03,GEMM_14_08_03,0.00264,{'TRSML_14_03GEMM_14_08_03': 0.00264}
TRSML_14_03,GEMM_14_12_03,0.00264,{'TRSML_14_03GEMM_14_12_03': 0.00264}
TRSML_14_00,GEMM_14_09_00,0.00264,{'TRSML_14_00GEMM_14_09_00': 0.00264}
TRSML_14_00,GEMM_14_14_00,0.00264,{'TRSML_14_00GEMM_14_14_00': 0.00264}
TRSML_14_00,GEMM_14_06_00,0.00264,{'TRSML_14_00GEMM_14_06_00': 0.00264}
TRSML_14_00,GEMM_14_07_00,0.00264,{'TRSML_14_00GEMM_14_07_00': 0.00264}
TRSML_14_00,GEMM_14_01_00,0.00264,{'TRSML_14_00GEMM_14_01_00': 0.00264}
TRSML_14_00,GEMM_14_04_00,0.00264,{'TRSML_14_00GEMM_14_04_00': 0.00264}
TRSML_14_00,GEMM_14_11_00,0.00264,{'TRSML_14_00GEMM_14_11_00': 0.00264}
TRSML_14_00,GEMM_14_10_00,0.00264,{'TRSML_14_00GEMM_14_10_00': 0.00264}
TRSML_14_00,GEMM_14_13_00,0.00264,{'TRSML_14_00GEMM_14_13_00': 0.00264}
TRSML_14_00,GEMM_14_05_00,0.00264,{'TRSML_14_00GEMM_14_05_00': 0.00264}
TRSML_14_00,GEMM_14_08_00,0.00264,{'TRSML_14_00GEMM_14_08_00': 0.00264}
TRSML_14_00,GEMM_14_02_00,0.00264,{'TRSML_14_00GEMM_14_02_00': 0.00264}
TRSML_14_00,GEMM_14_03_00,0.00264,{'TRSML_14_00GEMM_14_03_00': 0.00264}
TRSML_14_00,GEMM_14_12_00,0.00264,{'TRSML_14_00GEMM_14_12_00': 0.00264}
TRSML_14_01,GEMM_14_09_01,0.00264,{'TRSML_14_01GEMM_14_09_01': 0.00264}
TRSML_14_01,GEMM_14_14_01,0.00264,{'TRSML_14_01GEMM_14_14_01': 0.00264}
TRSML_14_01,GEMM_14_06_01,0.00264,{'TRSML_14_01GEMM_14_06_01': 0.00264}
TRSML_14_01,GEMM_14_07_01,0.00264,{'TRSML_14_01GEMM_14_07_01': 0.00264}
TRSML_14_01,GEMM_14_04_01,0.00264,{'TRSML_14_01GEMM_14_04_01': 0.00264}
TRSML_14_01,GEMM_14_11_01,0.00264,{'TRSML_14_01GEMM_14_11_01': 0.00264}
TRSML_14_01,GEMM_14_10_01,0.00264,{'TRSML_14_01GEMM_14_10_01': 0.00264}
TRSML_14_01,GEMM_14_13_01,0.00264,{'TRSML_14_01GEMM_14_13_01': 0.00264}
TRSML_14_01,GEMM_14_05_01,0.00264,{'TRSML_14_01GEMM_14_05_01': 0.00264}
TRSML_14_01,GEMM_14_08_01,0.00264,{'TRSML_14_01GEMM_14_08_01': 0.00264}
TRSML_14_01,GEMM_14_02_01,0.00264,{'TRSML_14_01GEMM_14_02_01': 0.00264}
TRSML_14_01,GEMM_14_03_01,0.00264,{'TRSML_14_01GEMM_14_03_01': 0.00264}
TRSML_14_01,GEMM_14_12_01,0.00264,{'TRSML_14_01GEMM_14_12_01': 0.00264}
GEMM_13_13_05,GEMM_13_13_06,0.0050999999999999995,{'GEMM_13_13_05GEMM_13_13_06': 0.0050999999999999995}
TRSML_14_08,GEMM_14_11_08,0.00264,{'TRSML_14_08GEMM_14_11_08': 0.00264}
TRSML_14_08,GEMM_14_09_08,0.00264,{'TRSML_14_08GEMM_14_09_08': 0.00264}
TRSML_14_08,GEMM_14_14_08,0.00264,{'TRSML_14_08GEMM_14_14_08': 0.00264}
TRSML_14_08,GEMM_14_12_08,0.00264,{'TRSML_14_08GEMM_14_12_08': 0.00264}
TRSML_14_08,GEMM_14_10_08,0.00264,{'TRSML_14_08GEMM_14_10_08': 0.00264}
TRSML_14_08,GEMM_14_13_08,0.00264,{'TRSML_14_08GEMM_14_13_08': 0.00264}
TRSML_14_09,GEMM_14_10_09,0.00264,{'TRSML_14_09GEMM_14_10_09': 0.00264}
TRSML_14_09,GEMM_14_13_09,0.00264,{'TRSML_14_09GEMM_14_13_09': 0.00264}
TRSML_14_09,GEMM_14_14_09,0.00264,{'TRSML_14_09GEMM_14_14_09': 0.00264}
TRSML_14_09,GEMM_14_11_09,0.00264,{'TRSML_14_09GEMM_14_11_09': 0.00264}
TRSML_14_09,GEMM_14_12_09,0.00264,{'TRSML_14_09GEMM_14_12_09': 0.00264}
task_id,weight,proc,ckpt_s1,ckpt_s2,ckpt_all,ckpt_none
TRSMU_00_02,8.8,3,1,1,1,0
TRSML_12_11,8.8,1,1,1,1,0
TRSMU_03_10,8.8,12,1,1,1,0
TRSML_02_01,8.8,1,1,1,1,0
TRSML_02_00,8.8,2,1,1,1,0
TRSML_12_10,8.8,2,1,1,1,0
GEMM_05_08_02,17.0,53,1,1,1,0
TRSMU_08_11,8.8,4,1,1,1,0
GEMM_01_02_00,17.0,3,1,1,1,0
GEMM_14_08_07,17.0,16,1,1,1,0
GEMM_07_07_06,17.0,1,1,1,1,0
TRSMU_11_14,8.8,4,1,1,1,0
GEMM_09_04_03,17.0,13,1,1,1,0
GEMM_09_12_08,17.0,6,1,1,1,0
TRSMU_03_11,8.8,14,1,1,1,0
GEMM_11_07_04,17.0,91,1,1,1,0
GEMM_02_13_00,17.0,71,1,1,1,0
GEMM_02_13_01,17.0,50,1,1,1,0
GEMM_14_12_03,17.0,31,1,1,1,0
TRSML_03_02,8.8,0,1,1,1,0
TRSML_03_00,8.8,4,1,1,1,0
GEMM_04_01_00,17.0,4,1,1,1,0
TRSML_01_00,8.8,0,1,1,1,0
GEMM_13_13_10,17.0,12,1,1,1,0
GEMM_13_13_12,17.0,1,1,1,1,0
GEMM_08_06_04,17.0,14,1,1,1,0
GEMM_08_06_05,17.0,2,1,1,1,0
GEMM_01_04_00,17.0,7,1,1,1,0
GEMM_08_06_00,17.0,56,1,1,1,0
GEMM_08_06_01,17.0,78,1,1,1,0
GEMM_08_06_02,17.0,96,1,1,1,0
GEMM_08_06_03,17.0,45,1,1,1,0
GEMM_11_08_04,17.0,52,1,1,1,0
GEMM_11_08_05,17.0,48,1,1,1,0
GEMM_11_08_06,17.0,18,1,1,1,0
GEMM_11_07_02,17.0,55,1,1,1,0
GEMM_11_08_00,17.0,68,1,1,1,0
GEMM_11_08_01,17.0,89,1,1,1,0
TRSML_04_01,8.8,4,1,1,1,0
TRSML_04_00,8.8,6,1,1,1,0
GEMM_09_09_08,17.0,1,1,1,1,0
GEMM_06_03_02,17.0,5,1,1,1,0
GEMM_11_11_08,17.0,18,1,1,1,0
GEMM_12_08_03,17.0,78,1,1,1,0
GEMM_12_08_02,17.0,78,1,1,1,0
GEMM_12_08_01,17.0,47,1,1,1,0
GEMM_12_08_00,17.0,87,1,1,1,0
GEMM_12_08_07,17.0,8,1,1,1,0
GEMM_12_08_06,17.0,24,1,1,1,0
GEMM_12_08_05,17.0,53,1,1,1,0
GEMM_12_08_04,17.0,78,1,1,1,0
GEMM_03_07_00,17.0,46,1,1,1,0
GEMM_03_07_01,17.0,23,1,1,1,0
GEMM_03_07_02,17.0,8,1,1,1,0
GEMM_06_11_05,17.0,12,1,1,1,0
GEMM_04_02_00,17.0,14,1,1,1,0
GEMM_04_02_01,17.0,2,1,1,1,0
GEMM_02_08_00,17.0,36,1,1,1,0
GEMM_02_08_01,17.0,16,1,1,1,0
GEMM_12_07_04,17.0,32,1,1,1,0
GEMM_12_07_05,17.0,33,1,1,1,0
GEMM_12_07_02,17.0,79,1,1,1,0
GEMM_12_07_03,17.0,32,1,1,1,0
GEMM_12_07_00,17.0,41,1,1,1,0
GEMM_12_07_01,17.0,64,1,1,1,0
GEMM_13_14_07,17.0,71,1,1,1,0
GEMM_05_08_04,17.0,4,1,1,1,0
GEMM_13_14_05,17.0,71,1,1,1,0
GEMM_13_14_04,17.0,71,1,1,1,0
GEMM_04_05_01,17.0,27,1,1,1,0
GEMM_04_05_00,17.0,51,1,1,1,0
GEMM_13_14_01,17.0,71,1,1,1,0
GEMM_13_14_00,17.0,71,1,1,1,0
GEMM_12_11_01,17.0,38,1,1,1,0
GEMM_12_11_00,17.0,91,1,1,1,0
GEMM_12_11_03,17.0,38,1,1,1,0
GEMM_12_11_02,17.0,38,1,1,1,0
GEMM_13_09_03,17.0,43,1,1,1,0
GEMM_12_11_04,17.0,38,1,1,1,0
GEMM_04_08_03,17.0,9,1,1,1,0
GEMM_12_11_06,17.0,39,1,1,1,0
GEMM_08_08_06,17.0,6,1,1,1,0
GEMM_14_13_12,17.0,0,1,1,1,0
TRSMU_06_10,8.8,6,1,1,1,0
GEMM_09_10_07,17.0,10,1,1,1,0
GEMM_13_14_06,17.0,71,1,1,1,0
GEMM_11_12_10,17.0,3,1,1,1,0
GEMM_08_05_04,17.0,6,1,1,1,0
GEMM_11_11_06,17.0,97,1,1,1,0
GEMM_02_07_01,17.0,13,1,1,1,0
GEMM_12_01_00,17.0,43,1,1,1,0
TRSMU_06_14,8.8,14,1,1,1,0
GEMM_12_13_11,17.0,3,1,1,1,0
GEMM_08_08_03,17.0,65,1,1,1,0
TRSML_09_00,8.8,16,1,1,1,0
TRSML_09_01,8.8,14,1,1,1,0
GEMM_04_03_01,17.0,10,1,1,1,0
GEMM_04_03_00,17.0,27,1,1,1,0
GEMM_04_11_00,17.0,94,1,1,1,0
GEMM_04_11_01,17.0,91,1,1,1,0
GEMM_04_11_02,17.0,57,1,1,1,0
GEMM_04_11_03,17.0,20,1,1,1,0
GEMM_11_09_03,17.0,93,1,1,1,0
GEMM_11_09_02,17.0,79,1,1,1,0
GEMM_11_09_01,17.0,62,1,1,1,0
GEMM_11_09_00,17.0,45,1,1,1,0
GEMM_11_09_07,17.0,14,1,1,1,0
GEMM_11_09_06,17.0,29,1,1,1,0
GEMM_11_09_05,17.0,93,1,1,1,0
GEMM_07_07_03,17.0,80,1,1,1,0
GEMM_12_02_01,17.0,37,1,1,1,0
GEMM_12_02_00,17.0,64,1,1,1,0
GEMM_12_03_02,17.0,33,1,1,1,0
GEMM_12_03_00,17.0,83,1,1,1,0
GEMM_12_03_01,17.0,73,1,1,1,0
GEMM_06_05_03,17.0,11,1,1,1,0
GEMM_06_05_02,17.0,27,1,1,1,0
GEMM_06_05_01,17.0,62,1,1,1,0
GEMM_06_05_00,17.0,77,1,1,1,0
GEMM_11_14_10,17.0,6,1,1,1,0
GEMM_09_10_06,17.0,25,1,1,1,0
GEMM_14_14_09,17.0,96,1,1,1,0
GEMM_04_13_02,17.0,90,1,1,1,0
GEMM_04_13_03,17.0,41,1,1,1,0
GEMM_04_13_00,17.0,52,1,1,1,0
GEMM_04_13_01,17.0,70,1,1,1,0
TRSML_07_05,8.8,2,1,1,1,0
GEMM_09_07_03,17.0,53,1,1,1,0
GEMM_10_14_02,17.0,26,1,1,1,0
TRSML_06_05,8.8,1,1,1,1,0
GEMM_13_14_03,17.0,71,1,1,1,0
GEMM_09_07_01,17.0,71,1,1,1,0
TRSML_06_01,8.8,9,1,1,1,0
TRSML_06_00,8.8,10,1,1,1,0
TRSML_06_03,8.8,4,1,1,1,0
TRSML_06_02,8.8,6,1,1,1,0
GEMM_13_03_02,17.0,48,1,1,1,0
GEMM_13_03_01,17.0,83,1,1,1,0
GEMM_13_03_00,17.0,90,1,1,1,0
GEMM_04_06_00,17.0,58,1,1,1,0
GEMM_04_06_01,17.0,33,1,1,1,0
GEMM_08_04_00,17.0,74,1,1,1,0
GEMM_08_04_01,17.0,54,1,1,1,0
TRSML_08_03,8.8,8,1,1,1,0
TRSML_08_02,8.8,10,1,1,1,0
TRSML_08_01,8.8,12,1,1,1,0
TRSML_08_00,8.8,14,1,1,1,0
GEMM_04_04_02,17.0,6,1,1,1,0
GEMM_04_04_03,17.0,0,1,1,1,0
GEMM_04_04_00,17.0,45,1,1,1,0
GEMM_04_04_01,17.0,22,1,1,1,0
GEMM_04_12_01,17.0,47,1,1,1,0
GEMM_09_13_06,17.0,43,1,1,1,0
GEMM_14_13_07,17.0,74,1,1,1,0
GEMM_14_01_00,17.0,60,1,1,1,0
GEMM_04_14_03,17.0,58,1,1,1,0
GEMM_04_14_02,17.0,38,1,1,1,0
GEMM_04_14_01,17.0,93,1,1,1,0
GEMM_04_14_00,17.0,67,1,1,1,0
GEMM_13_01_00,17.0,52,1,1,1,0
GEMM_10_12_08,17.0,14,1,1,1,0
GEMM_03_12_02,17.0,34,1,1,1,0
GEMM_03_12_00,17.0,84,1,1,1,0
GEMM_03_12_01,17.0,72,1,1,1,0
GEMM_14_12_11,17.0,2,1,1,1,0
GEMM_13_07_06,17.0,17,1,1,1,0
GEMM_10_10_09,17.0,0,1,1,1,0
TRSMU_13_14,8.8,1,1,1,1,0
TRSMU_07_14,8.8,12,1,1,1,0
TRSML_14_12,8.8,3,1,1,1,0
TRSMU_09_11,8.8,2,1,1,1,0
GEMM_09_13_08,17.0,8,1,1,1,0
GEMM_04_12_03,17.0,31,1,1,1,0
TRSMU_08_13,8.8,8,1,1,1,0
GEMM_07_07_04,17.0,25,1,1,1,0
GEMM_10_10_07,17.0,20,1,1,1,0
GEMM_13_11_10,17.0,2,1,1,1,0
GEMM_07_07_05,17.0,6,1,1,1,0
GEMM_06_04_00,17.0,59,1,1,1,0
GEMM_06_04_01,17.0,34,1,1,1,0
GEMM_06_04_02,17.0,15,1,1,1,0
TRSML_03_01,8.8,2,1,1,1,0
TRSML_13_10,8.8,4,1,1,1,0
GEMM_09_10_04,17.0,73,1,1,1,0
TRSML_13_12,8.8,0,1,1,1,0
GEMM_06_13_05,17.0,20,1,1,1,0
GEMM_13_13_11,17.0,5,1,1,1,0
GEMM_12_05_03,17.0,74,1,1,1,0
GEMM_05_09_00,17.0,98,1,1,1,0
GEMM_04_12_02,17.0,78,1,1,1,0
GEMM_14_10_03,17.0,30,1,1,1,0
GEMM_07_07_01,17.0,45,1,1,1,0
GEMM_08_12_05,17.0,54,1,1,1,0
GEMM_07_07_02,17.0,68,1,1,1,0
GEMM_08_05_01,17.0,87,1,1,1,0
GEMM_08_05_00,17.0,91,1,1,1,0
GEMM_08_05_03,17.0,18,1,1,1,0
GEMM_08_05_02,17.0,52,1,1,1,0
GEMM_03_13_01,17.0,84,1,1,1,0
GEMM_03_13_00,17.0,89,1,1,1,0
GEMM_03_13_02,17.0,47,1,1,1,0
GEMM_01_14_00,17.0,61,1,1,1,0
GEMM_12_09_08,17.0,5,1,1,1,0
GETRF_11,3.3,1,1,1,1,0
GEMM_12_09_04,17.0,36,1,1,1,0
GEMM_12_09_05,17.0,36,1,1,1,0
GEMM_12_09_06,17.0,37,1,1,1,0
GEMM_12_09_07,17.0,18,1,1,1,0
GEMM_12_09_00,17.0,72,1,1,1,0
GEMM_12_09_01,17.0,90,1,1,1,0
GEMM_12_09_02,17.0,36,1,1,1,0
GEMM_12_09_03,17.0,36,1,1,1,0
GETRF_13,3.3,1,1,1,1,0
GEMM_14_03_02,17.0,66,1,1,1,0
TRSMU_03_12,8.8,16,1,1,1,0
GEMM_06_13_00,17.0,75,1,1,1,0
GEMM_06_13_01,17.0,93,1,1,1,0
GEMM_06_13_02,17.0,66,1,1,1,0
GEMM_06_13_03,17.0,55,1,1,1,0
GEMM_13_02_00,17.0,72,1,1,1,0
GEMM_13_02_01,17.0,51,1,1,1,0
GEMM_03_02_01,17.0,1,1,1,1,0
GEMM_03_02_00,17.0,10,1,1,1,0
GEMM_13_14_10,17.0,13,1,1,1,0
TRSMU_00_14,8.8,26,1,1,1,0
TRSMU_04_14,8.8,18,1,1,1,0
TRSMU_00_11,8.8,20,1,1,1,0
TRSMU_00_10,8.8,18,1,1,1,0
TRSMU_00_13,8.8,24,1,1,1,0
TRSMU_00_12,8.8,22,1,1,1,0
GEMM_07_10_04,17.0,65,1,1,1,0
GEMM_07_10_05,17.0,18,1,1,1,0
GEMM_07_10_06,17.0,5,1,1,1,0
GEMM_07_10_00,17.0,66,1,1,1,0
GEMM_07_10_01,17.0,88,1,1,1,0
GEMM_07_10_02,17.0,56,1,1,1,0
GEMM_07_10_03,17.0,91,1,1,1,0
GEMM_03_10_00,17.0,68,1,1,1,0
GEMM_03_10_01,17.0,45,1,1,1,0
GEMM_03_10_02,17.0,20,1,1,1,0
GEMM_11_10_07,17.0,24,1,1,1,0
GEMM_08_09_05,17.0,28,1,1,1,0
GEMM_14_12_10,17.0,10,1,1,1,0
TRSML_13_09,8.8,7,1,1,1,0
GEMM_11_10_06,17.0,57,1,1,1,0
GEMM_10_12_06,17.0,83,1,1,1,0
GEMM_14_10_06,17.0,33,1,1,1,0
GEMM_13_04_00,17.0,53,1,1,1,0
GEMM_03_14_00,17.0,96,1,1,1,0
GEMM_03_14_01,17.0,96,1,1,1,0
GEMM_03_14_02,17.0,61,1,1,1,0
TRSMU_11_12,8.8,0,1,1,1,0
GEMM_06_09_04,17.0,18,1,1,1,0
TRSMU_02_14,8.8,22,1,1,1,0
TRSMU_02_13,8.8,21,1,1,1,0
TRSMU_02_12,8.8,18,1,1,1,0
TRSMU_02_11,8.8,16,1,1,1,0
TRSMU_02_10,8.8,14,1,1,1,0
GEMM_13_11_04,17.0,45,1,1,1,0
TRSML_04_03,8.8,1,1,1,1,0
GEMM_13_11_06,17.0,45,1,1,1,0
GEMM_11_10_02,17.0,57,1,1,1,0
GEMM_13_11_00,17.0,28,1,1,1,0
GEMM_13_11_01,17.0,44,1,1,1,0
GEMM_13_11_02,17.0,44,1,1,1,0
TRSML_04_02,8.8,2,1,1,1,0
GEMM_07_12_02,17.0,84,1,1,1,0
GEMM_07_12_03,17.0,35,1,1,1,0
GEMM_07_12_00,17.0,42,1,1,1,0
GEMM_07_12_01,17.0,65,1,1,1,0
GEMM_07_12_06,17.0,13,1,1,1,0
GEMM_11_08_02,17.0,34,1,1,1,0
GEMM_07_12_04,17.0,35,1,1,1,0
GEMM_07_12_05,17.0,34,1,1,1,0
GEMM_06_14_05,17.0,26,1,1,1,0
GEMM_08_12_01,17.0,48,1,1,1,0
GEMM_11_08_03,17.0,52,1,1,1,0
TRSMU_06_13,8.8,12,1,1,1,0
GEMM_04_10_03,17.0,16,1,1,1,0
GEMM_04_10_02,17.0,43,1,1,1,0
GEMM_04_10_01,17.0,79,1,1,1,0
GEMM_04_10_00,17.0,87,1,1,1,0
GEMM_05_05_03,17.0,7,1,1,1,0
GEMM_03_05_02,17.0,4,1,1,1,0
GEMM_03_05_00,17.0,34,1,1,1,0
GEMM_03_05_01,17.0,15,1,1,1,0
GEMM_08_12_00,17.0,84,1,1,1,0
TRSMU_03_07,8.8,6,1,1,1,0
GEMM_03_08_01,17.0,29,1,1,1,0
GEMM_03_08_00,17.0,54,1,1,1,0
GEMM_06_12_05,17.0,16,1,1,1,0
GEMM_03_08_02,17.0,13,1,1,1,0
GEMM_01_05_00,17.0,8,1,1,1,0
GEMM_06_12_02,17.0,43,1,1,1,0
GEMM_06_12_01,17.0,80,1,1,1,0
GEMM_06_12_00,17.0,52,1,1,1,0
GEMM_10_14_04,17.0,29,1,1,1,0
GEMM_13_11_08,17.0,23,1,1,1,0
GEMM_13_14_09,17.0,22,1,1,1,0
GEMM_14_10_09,17.0,9,1,1,1,0
GEMM_03_03_00,17.0,22,1,1,1,0
GEMM_03_03_01,17.0,7,1,1,1,0
GEMM_03_03_02,17.0,1,1,1,1,0
GEMM_02_11_00,17.0,56,1,1,1,0
TRSMU_04_06,8.8,3,1,1,1,0
TRSMU_04_07,8.8,4,1,1,1,0
GEMM_13_10_09,17.0,7,1,1,1,0
GEMM_02_11_01,17.0,31,1,1,1,0
GEMM_12_11_08,17.0,21,1,1,1,0
GEMM_03_11_02,17.0,25,1,1,1,0
GEMM_03_11_01,17.0,58,1,1,1,0
GEMM_03_11_00,17.0,76,1,1,1,0
GEMM_13_10_03,17.0,84,1,1,1,0
GEMM_01_06_00,17.0,12,1,1,1,0
GEMM_13_10_01,17.0,73,1,1,1,0
GEMM_13_10_00,17.0,78,1,1,1,0
GEMM_13_10_07,17.0,29,1,1,1,0
GEMM_13_10_06,17.0,84,1,1,1,0
TRSMU_04_08,8.8,7,1,1,1,0
TRSMU_04_09,8.8,9,1,1,1,0
GEMM_07_14_00,17.0,76,1,1,1,0
GEMM_07_14_01,17.0,28,1,1,1,0
GEMM_07_14_02,17.0,48,1,1,1,0
GEMM_07_14_03,17.0,59,1,1,1,0
GEMM_09_13_03,17.0,40,1,1,1,0
GEMM_09_13_02,17.0,40,1,1,1,0
GEMM_09_13_01,17.0,24,1,1,1,0
GEMM_09_13_00,17.0,74,1,1,1,0
GEMM_09_11_05,17.0,92,1,1,1,0
GEMM_09_11_04,17.0,92,1,1,1,0
GEMM_09_11_07,17.0,15,1,1,1,0
GEMM_09_11_06,17.0,30,1,1,1,0
GEMM_09_11_01,17.0,63,1,1,1,0
GEMM_09_11_00,17.0,42,1,1,1,0
GEMM_09_11_03,17.0,92,1,1,1,0
GEMM_09_11_02,17.0,84,1,1,1,0
GEMM_03_01_00,17.0,2,1,1,1,0
TRSML_13_04,8.8,16,1,1,1,0
GEMM_07_13_01,17.0,95,1,1,1,0
GEMM_07_13_00,17.0,59,1,1,1,0
GEMM_07_13_03,17.0,51,1,1,1,0
GEMM_07_13_02,17.0,99,1,1,1,0
GEMM_07_13_05,17.0,40,1,1,1,0
GEMM_07_13_04,17.0,51,1,1,1,0
GEMM_07_02_01,17.0,12,1,1,1,0
GEMM_07_02_00,17.0,29,1,1,1,0
GEMM_13_12_01,17.0,90,1,1,1,0
GEMM_13_12_00,17.0,90,1,1,1,0
GEMM_13_12_03,17.0,90,1,1,1,0
GEMM_13_12_02,17.0,90,1,1,1,0
GEMM_13_12_05,17.0,90,1,1,1,0
GEMM_14_04_03,17.0,59,1,1,1,0
GEMM_13_12_07,17.0,90,1,1,1,0
GEMM_01_08_00,17.0,20,1,1,1,0
GEMM_13_12_09,17.0,17,1,1,1,0
GEMM_13_12_08,17.0,90,1,1,1,0
GEMM_14_04_02,17.0,41,1,1,1,0
GEMM_10_12_07,17.0,27,1,1,1,0
GEMM_09_11_08,17.0,4,1,1,1,0
TRSML_13_05,8.8,15,1,1,1,0
TRSML_13_03,8.8,18,1,1,1,0
GEMM_10_11_09,17.0,1,1,1,1,0
GEMM_02_05_01,17.0,6,1,1,1,0
TRSMU_05_09,8.8,7,1,1,1,0
TRSMU_05_08,8.8,5,1,1,1,0
GEMM_13_13_08,17.0,58,1,1,1,0
GEMM_13_08_01,17.0,70,1,1,1,0
GEMM_11_13_05,17.0,47,1,1,1,0
GEMM_13_13_02,17.0,58,1,1,1,0
GEMM_13_13_03,17.0,58,1,1,1,0
GEMM_13_13_00,17.0,58,1,1,1,0
GEMM_13_13_01,17.0,58,1,1,1,0
GEMM_13_13_06,17.0,58,1,1,1,0
GEMM_09_12_07,17.0,19,1,1,1,0
GEMM_13_13_04,17.0,58,1,1,1,0
TRSMU_05_06,8.8,0,1,1,1,0
GEMM_12_13_02,17.0,88,1,1,1,0
TRSML_13_02,8.8,20,1,1,1,0
GEMM_14_13_10,17.0,14,1,1,1,0
GEMM_10_11_08,17.0,10,1,1,1,0
GEMM_07_04_01,17.0,41,1,1,1,0
GEMM_07_04_00,17.0,67,1,1,1,0
GEMM_07_04_03,17.0,4,1,1,1,0
GEMM_07_04_02,17.0,18,1,1,1,0
GEMM_09_08_03,17.0,21,1,1,1,0
GEMM_09_08_02,17.0,77,1,1,1,0
GEMM_09_08_01,17.0,58,1,1,1,0
GEMM_09_08_00,17.0,36,1,1,1,0
GEMM_04_09_01,17.0,69,1,1,1,0
GEMM_04_09_00,17.0,81,1,1,1,0
GEMM_04_09_03,17.0,12,1,1,1,0
GEMM_04_09_02,17.0,29,1,1,1,0
GEMM_09_10_05,17.0,73,1,1,1,0
GEMM_11_13_06,17.0,47,1,1,1,0
GEMM_08_09_04,17.0,20,1,1,1,0
GEMM_10_12_05,17.0,83,1,1,1,0
GEMM_08_09_07,17.0,3,1,1,1,0
GEMM_10_14_05,17.0,34,1,1,1,0
GEMM_13_11_09,17.0,12,1,1,1,0
TRSMU_08_09,8.8,1,1,1,1,0
GEMM_12_11_09,17.0,10,1,1,1,0
GEMM_05_14_04,17.0,54,1,1,1,0
GEMM_08_13_05,17.0,80,1,1,1,0
GEMM_05_14_02,17.0,94,1,1,1,0
GEMM_05_14_03,17.0,40,1,1,1,0
GEMM_05_14_00,17.0,98,1,1,1,0
GEMM_05_14_01,17.0,73,1,1,1,0
TRSMU_11_13,8.8,3,1,1,1,0
GEMM_14_08_05,17.0,98,1,1,1,0
TRSMU_07_09,8.8,3,1,1,1,0
TRSMU_07_08,8.8,0,1,1,1,0
GEMM_14_08_04,17.0,98,1,1,1,0
GEMM_09_09_00,17.0,79,1,1,1,0
GEMM_09_09_01,17.0,40,1,1,1,0
GEMM_01_07_00,17.0,17,1,1,1,0
GEMM_09_09_03,17.0,68,1,1,1,0
GEMM_09_09_04,17.0,68,1,1,1,0
GEMM_09_09_05,17.0,52,1,1,1,0
GEMM_09_09_06,17.0,22,1,1,1,0
GEMM_13_11_05,17.0,45,1,1,1,0
GEMM_09_12_00,17.0,69,1,1,1,0
GEMM_09_12_01,17.0,87,1,1,1,0
GEMM_09_12_02,17.0,37,1,1,1,0
GEMM_09_12_03,17.0,37,1,1,1,0
GEMM_09_12_04,17.0,37,1,1,1,0
GEMM_09_12_05,17.0,37,1,1,1,0
GEMM_09_12_06,17.0,38,1,1,1,0
GEMM_13_14_02,17.0,71,1,1,1,0
GEMM_10_09_04,17.0,75,1,1,1,0
GEMM_05_08_03,17.0,19,1,1,1,0
GEMM_08_08_04,17.0,81,1,1,1,0
GEMM_08_08_05,17.0,22,1,1,1,0
GEMM_08_08_02,17.0,49,1,1,1,0
GEMM_10_02_01,17.0,25,1,1,1,0
GEMM_08_08_00,17.0,82,1,1,1,0
GEMM_08_08_01,17.0,31,1,1,1,0
GEMM_06_11_01,17.0,64,1,1,1,0
GEMM_05_08_01,17.0,88,1,1,1,0
GEMM_11_13_08,17.0,24,1,1,1,0
GEMM_07_06_00,17.0,44,1,1,1,0
GEMM_10_14_03,17.0,29,1,1,1,0
GEMM_13_09_08,17.0,9,1,1,1,0
GEMM_13_11_03,17.0,45,1,1,1,0
GEMM_12_13_07,17.0,88,1,1,1,0
GEMM_13_11_07,17.0,45,1,1,1,0
GEMM_07_11_03,17.0,76,1,1,1,0
GEMM_07_11_02,17.0,54,1,1,1,0
GEMM_07_11_01,17.0,36,1,1,1,0
GEMM_07_11_00,17.0,89,1,1,1,0
GEMM_07_07_00,17.0,78,1,1,1,0
GEMM_05_09_01,17.0,40,1,1,1,0
GEMM_09_10_00,17.0,92,1,1,1,0
GEMM_09_10_01,17.0,61,1,1,1,0
GETRF_10,3.3,0,1,1,1,0
GEMM_12_11_05,17.0,39,1,1,1,0
GETRF_12,3.3,0,1,1,1,0
GEMM_07_06_04,17.0,11,1,1,1,0
GETRF_14,3.3,0,1,1,1,0
GEMM_08_04_02,17.0,23,1,1,1,0
GEMM_09_10_08,17.0,2,1,1,1,0
GEMM_11_13_09,17.0,13,1,1,1,0
GEMM_14_11_07,17.0,69,1,1,1,0
GEMM_12_11_07,17.0,39,1,1,1,0
GEMM_09_01_00,17.0,25,1,1,1,0
GEMM_10_09_06,17.0,26,1,1,1,0
GEMM_13_14_08,17.0,71,1,1,1,0
GEMM_05_09_02,17.0,67,1,1,1,0
GEMM_14_11_05,17.0,69,1,1,1,0
GEMM_11_08_07,17.0,5,1,1,1,0
GEMM_14_11_04,17.0,69,1,1,1,0
TRSMU_01_13,8.8,23,1,1,1,0
GEMM_06_07_04,17.0,10,1,1,1,0
GEMM_06_07_01,17.0,57,1,1,1,0
GEMM_06_07_00,17.0,43,1,1,1,0
GEMM_06_07_03,17.0,35,1,1,1,0
GEMM_06_07_02,17.0,83,1,1,1,0
GEMM_07_05_02,17.0,39,1,1,1,0
GEMM_07_05_03,17.0,14,1,1,1,0
GEMM_07_05_00,17.0,86,1,1,1,0
GEMM_07_05_01,17.0,77,1,1,1,0
GEMM_07_05_04,17.0,5,1,1,1,0
GEMM_14_08_01,17.0,72,1,1,1,0
GEMM_14_08_00,17.0,54,1,1,1,0
GEMM_14_08_03,17.0,98,1,1,1,0
GEMM_14_08_02,17.0,98,1,1,1,0
GEMM_08_09_01,17.0,59,1,1,1,0
GEMM_08_09_00,17.0,35,1,1,1,0
GEMM_08_09_03,17.0,20,1,1,1,0
GEMM_08_09_02,17.0,76,1,1,1,0
GEMM_07_06_03,17.0,36,1,1,1,0
GEMM_07_06_02,17.0,82,1,1,1,0
GEMM_07_06_01,17.0,56,1,1,1,0
GEMM_05_08_00,17.0,92,1,1,1,0
GEMM_09_03_02,17.0,17,1,1,1,0
GEMM_09_03_00,17.0,63,1,1,1,0
GEMM_09_03_01,17.0,36,1,1,1,0
GEMM_03_09_02,17.0,16,1,1,1,0
GEMM_14_11_06,17.0,69,1,1,1,0
GEMM_03_09_00,17.0,62,1,1,1,0
GEMM_03_09_01,17.0,35,1,1,1,0
GEMM_14_11_03,17.0,69,1,1,1,0
GEMM_14_11_02,17.0,69,1,1,1,0
GEMM_14_11_01,17.0,69,1,1,1,0
GEMM_14_11_00,17.0,66,1,1,1,0
GEMM_06_06_04,17.0,7,1,1,1,0
GEMM_06_06_05,17.0,0,1,1,1,0
GEMM_06_06_02,17.0,60,1,1,1,0
GEMM_05_04_02,17.0,10,1,1,1,0
GEMM_05_04_01,17.0,28,1,1,1,0
GEMM_05_04_00,17.0,50,1,1,1,0
GEMM_07_08_05,17.0,10,1,1,1,0
GEMM_05_04_03,17.0,1,1,1,1,0
GEMM_07_08_06,17.0,0,1,1,1,0
GEMM_05_06_01,17.0,63,1,1,1,0
GEMM_05_06_00,17.0,78,1,1,1,0
GEMM_05_06_03,17.0,10,1,1,1,0
GEMM_05_06_02,17.0,28,1,1,1,0
GEMM_11_11_09,17.0,6,1,1,1,0
GEMM_14_05_00,17.0,99,1,1,1,0
GEMM_06_10_05,17.0,8,1,1,1,0
GEMM_06_10_04,17.0,28,1,1,1,0
GEMM_13_07_00,17.0,58,1,1,1,0
GEMM_06_10_01,17.0,46,1,1,1,0
GEMM_06_10_00,17.0,81,1,1,1,0
GEMM_06_10_03,17.0,81,1,1,1,0
GEMM_06_10_02,17.0,73,1,1,1,0
GEMM_06_09_05,17.0,7,1,1,1,0
GEMM_07_08_04,17.0,34,1,1,1,0
GEMM_05_06_04,17.0,0,1,1,1,0
GEMM_09_10_02,17.0,49,1,1,1,0
GETRF_06,3.3,0,1,1,1,0
GEMM_07_08_01,17.0,62,1,1,1,0
GEMM_07_08_00,17.0,89,1,1,1,0
GEMM_07_03_00,17.0,47,1,1,1,0
GEMM_07_03_01,17.0,24,1,1,1,0
GEMM_07_03_02,17.0,9,1,1,1,0
GEMM_13_12_11,17.0,1,1,1,1,0
GEMM_07_08_03,17.0,94,1,1,1,0
TRSMU_10_13,8.8,5,1,1,1,0
GEMM_07_08_02,17.0,99,1,1,1,0
GEMM_09_02_01,17.0,20,1,1,1,0
GEMM_09_02_00,17.0,41,1,1,1,0
GEMM_07_01_00,17.0,16,1,1,1,0
TRSMU_12_14,8.8,2,1,1,1,0
TRSMU_07_11,8.8,6,1,1,1,0
GEMM_09_08_06,17.0,10,1,1,1,0
GEMM_10_09_07,17.0,11,1,1,1,0
GEMM_11_11_10,17.0,1,1,1,1,0
GEMM_11_10_05,17.0,57,1,1,1,0
TRSMU_06_08,8.8,3,1,1,1,0
TRSMU_06_09,8.8,5,1,1,1,0
GEMM_14_10_07,17.0,33,1,1,1,0
TRSMU_06_07,8.8,0,1,1,1,0
GEMM_10_14_08,17.0,19,1,1,1,0
GEMM_10_14_09,17.0,8,1,1,1,0
TRSMU_03_13,8.8,19,1,1,1,0
GEMM_10_09_08,17.0,0,1,1,1,0
GEMM_10_14_00,17.0,86,1,1,1,0
GEMM_05_05_01,17.0,49,1,1,1,0
GEMM_04_08_00,17.0,73,1,1,1,0
GEMM_04_08_01,17.0,55,1,1,1,0
GEMM_10_09_02,17.0,54,1,1,1,0
GEMM_10_09_03,17.0,75,1,1,1,0
GEMM_10_09_00,17.0,95,1,1,1,0
GEMM_10_09_01,17.0,60,1,1,1,0
GEMM_09_10_03,17.0,73,1,1,1,0
GEMM_04_03_02,17.0,0,1,1,1,0
GEMM_13_09_00,17.0,80,1,1,1,0
GEMM_10_14_07,17.0,34,1,1,1,0
TRSML_09_02,8.8,12,1,1,1,0
GEMM_14_10_00,17.0,85,1,1,1,0
TRSMU_00_03,8.8,5,1,1,1,0
GEMM_14_10_02,17.0,22,1,1,1,0
TRSMU_00_01,8.8,1,1,1,1,0
TRSMU_00_06,8.8,11,1,1,1,0
TRSMU_00_07,8.8,13,1,1,1,0
TRSMU_00_04,8.8,7,1,1,1,0
TRSMU_00_05,8.8,8,1,1,1,0
GEMM_14_10_08,17.0,20,1,1,1,0
TRSML_09_04,8.8,8,1,1,1,0
TRSMU_00_08,8.8,15,1,1,1,0
TRSMU_00_09,8.8,17,1,1,1,0
TRSML_09_05,8.8,6,1,1,1,0
GEMM_07_09_06,17.0,3,1,1,1,0
GEMM_05_07_04,17.0,3,1,1,1,0
GEMM_07_09_05,17.0,14,1,1,1,0
GEMM_05_07_02,17.0,40,1,1,1,0
GEMM_05_07_03,17.0,15,1,1,1,0
GEMM_07_09_00,17.0,44,1,1,1,0
GEMM_05_07_01,17.0,76,1,1,1,0
TRSML_09_07,8.8,2,1,1,1,0
GEMM_05_13_04,17.0,30,1,1,1,0
GEMM_05_09_03,17.0,26,1,1,1,0
TRSML_09_08,8.8,0,1,1,1,0
TRSML_11_10,8.8,0,1,1,1,0
GEMM_14_09_08,17.0,12,1,1,1,0
GEMM_10_03_00,17.0,69,1,1,1,0
GEMM_10_03_01,17.0,46,1,1,1,0
GEMM_10_03_02,17.0,21,1,1,1,0
TRSMU_02_04,8.8,3,1,1,1,0
TRSMU_02_05,8.8,4,1,1,1,0
TRSMU_02_06,8.8,7,1,1,1,0
TRSMU_02_07,8.8,8,1,1,1,0
GEMM_13_07_05,17.0,42,1,1,1,0
TRSMU_02_03,8.8,1,1,1,1,0
TRSMU_02_08,8.8,11,1,1,1,0
TRSMU_02_09,8.8,13,1,1,1,0
GEMM_06_12_04,17.0,63,1,1,1,0
GEMM_07_11_06,17.0,8,1,1,1,0
GEMM_06_12_03,17.0,70,1,1,1,0
GEMM_11_09_04,17.0,93,1,1,1,0
TRSMU_08_10,8.8,2,1,1,1,0
GEMM_06_13_04,17.0,76,1,1,1,0
GEMM_09_08_05,17.0,27,1,1,1,0
GEMM_11_09_08,17.0,3,1,1,1,0
GEMM_10_01_00,17.0,31,1,1,1,0
GEMM_12_12_08,17.0,27,1,1,1,0
TRSMU_08_12,8.8,6,1,1,1,0
GEMM_12_12_09,17.0,16,1,1,1,0
GEMM_10_08_05,17.0,35,1,1,1,0
GEMM_10_08_04,17.0,42,1,1,1,0
GEMM_10_08_07,17.0,2,1,1,1,0
GEMM_10_08_06,17.0,14,1,1,1,0
GEMM_10_08_01,17.0,77,1,1,1,0
GEMM_10_08_00,17.0,50,1,1,1,0
GEMM_10_08_03,17.0,42,1,1,1,0
GEMM_10_08_02,17.0,92,1,1,1,0
GEMM_08_09_06,17.0,11,1,1,1,0
GEMM_05_12_04,17.0,23,1,1,1,0
GEMM_12_13_10,17.0,8,1,1,1,0
GEMM_05_12_00,17.0,74,1,1,1,0
GEMM_05_12_01,17.0,38,1,1,1,0
GEMM_05_12_02,17.0,62,1,1,1,0
GEMM_05_12_03,17.0,71,1,1,1,0
TRSMU_01_05,8.8,6,1,1,1,0
TRSMU_01_04,8.8,5,1,1,1,0
TRSMU_01_07,8.8,10,1,1,1,0
TRSMU_01_06,8.8,8,1,1,1,0
TRSMU_01_03,8.8,3,1,1,1,0
TRSMU_01_02,8.8,0,1,1,1,0
GEMM_01_09_00,17.0,26,1,1,1,0
GEMM_10_12_04,17.0,83,1,1,1,0
TRSMU_01_09,8.8,15,1,1,1,0
TRSMU_01_08,8.8,13,1,1,1,0
GEMM_13_09_07,17.0,22,1,1,1,0
TRSML_10_07,8.8,5,1,1,1,0
GEMM_09_07_05,17.0,15,1,1,1,0
TRSMU_05_12,8.8,12,1,1,1,0
GEMM_12_11_10,17.0,0,1,1,1,0
GEMM_07_14_04,17.0,59,1,1,1,0
GEMM_09_09_02,17.0,61,1,1,1,0
GEMM_06_11_04,17.0,48,1,1,1,0
GEMM_05_05_00,17.0,70,1,1,1,0
GEMM_06_11_02,17.0,81,1,1,1,0
GEMM_06_11_03,17.0,33,1,1,1,0
GEMM_06_11_00,17.0,93,1,1,1,0
GEMM_10_02_00,17.0,48,1,1,1,0
TRSML_10_09,8.8,0,1,1,1,0
GEMM_13_06_03,17.0,62,1,1,1,0
GEMM_14_14_13,17.0,0,1,1,1,0
GEMM_14_14_12,17.0,3,1,1,1,0
GEMM_09_08_07,17.0,1,1,1,1,0
GEMM_14_14_10,17.0,15,1,1,1,0
GEMM_07_14_05,17.0,50,1,1,1,0
GEMM_13_06_02,17.0,67,1,1,1,0
GEMM_13_12_10,17.0,9,1,1,1,0
GEMM_06_05_04,17.0,2,1,1,1,0
TRSML_14_10,8.8,7,1,1,1,0
GEMM_11_14_08,17.0,26,1,1,1,0
GEMM_06_08_04,17.0,15,1,1,1,0
GEMM_06_08_05,17.0,5,1,1,1,0
GEMM_05_13_03,17.0,89,1,1,1,0
GEMM_05_13_02,17.0,87,1,1,1,0
GEMM_05_13_01,17.0,55,1,1,1,0
GEMM_05_13_00,17.0,85,1,1,1,0
GEMM_08_03_02,17.0,12,1,1,1,0
GEMM_08_03_01,17.0,30,1,1,1,0
GEMM_08_03_00,17.0,55,1,1,1,0
GEMM_04_08_02,17.0,24,1,1,1,0
GEMM_14_05_03,17.0,43,1,1,1,0
GEMM_09_13_07,17.0,21,1,1,1,0
GEMM_13_12_06,17.0,90,1,1,1,0
GEMM_11_13_04,17.0,47,1,1,1,0
TRSMU_05_14,8.8,16,1,1,1,0
GEMM_10_09_05,17.0,75,1,1,1,0
TRSMU_05_13,8.8,14,1,1,1,0
TRSMU_05_10,8.8,8,1,1,1,0
TRSMU_05_11,8.8,10,1,1,1,0
GEMM_14_06_05,17.0,25,1,1,1,0
GEMM_14_06_04,17.0,94,1,1,1,0
GEMM_14_06_03,17.0,92,1,1,1,0
GEMM_14_06_02,17.0,64,1,1,1,0
GEMM_14_06_01,17.0,46,1,1,1,0
GEMM_14_06_00,17.0,99,1,1,1,0
GEMM_09_05_04,17.0,8,1,1,1,0
GEMM_11_13_07,17.0,47,1,1,1,0
GEMM_09_05_00,17.0,99,1,1,1,0
GEMM_09_05_01,17.0,39,1,1,1,0
GEMM_09_05_02,17.0,70,1,1,1,0
GEMM_09_05_03,17.0,27,1,1,1,0
GEMM_05_11_01,17.0,85,1,1,1,0
GEMM_05_11_00,17.0,60,1,1,1,0
GEMM_05_11_03,17.0,50,1,1,1,0
GEMM_05_11_02,17.0,32,1,1,1,0
GEMM_14_13_01,17.0,74,1,1,1,0
GEMM_14_13_00,17.0,74,1,1,1,0
GEMM_14_13_03,17.0,74,1,1,1,0
GEMM_14_13_02,17.0,74,1,1,1,0
GEMM_14_13_09,17.0,23,1,1,1,0
GEMM_14_13_08,17.0,74,1,1,1,0
GEMM_12_07_06,17.0,12,1,1,1,0
TRSMU_07_10,8.8,4,1,1,1,0
GEMM_14_13_05,17.0,74,1,1,1,0
TRSMU_07_12,8.8,8,1,1,1,0
TRSMU_07_13,8.8,10,1,1,1,0
GEMM_09_08_04,17.0,21,1,1,1,0
GEMM_14_13_04,17.0,74,1,1,1,0
GEMM_10_11_03,17.0,56,1,1,1,0
GEMM_10_11_02,17.0,56,1,1,1,0
GEMM_10_11_01,17.0,44,1,1,1,0
GEMM_10_11_00,17.0,25,1,1,1,0
GEMM_10_11_07,17.0,23,1,1,1,0
GEMM_10_11_06,17.0,56,1,1,1,0
GEMM_10_11_05,17.0,56,1,1,1,0
GEMM_10_11_04,17.0,56,1,1,1,0
GEMM_14_13_06,17.0,74,1,1,1,0
GETRF_09,3.3,1,1,1,1,0
TRSMU_03_09,8.8,11,1,1,1,0
GEMM_13_10_02,17.0,84,1,1,1,0
GEMM_05_10_02,17.0,85,1,1,1,0
TRSMU_03_06,8.8,5,1,1,1,0
GEMM_05_10_00,17.0,47,1,1,1,0
GEMM_05_10_01,17.0,61,1,1,1,0
TRSMU_12_13,8.8,1,1,1,1,0
GEMM_05_10_04,17.0,12,1,1,1,0
GEMM_05_11_04,17.0,16,1,1,1,0
GEMM_14_14_11,17.0,8,1,1,1,0
TRSML_11_07,8.8,7,1,1,1,0
GEMM_06_02_00,17.0,23,1,1,1,0
GEMM_06_02_01,17.0,8,1,1,1,0
GEMM_09_09_07,17.0,7,1,1,1,0
GEMM_05_02_01,17.0,4,1,1,1,0
GEMM_05_02_00,17.0,18,1,1,1,0
GEMM_10_13_03,17.0,87,1,1,1,0
GEMM_10_13_02,17.0,87,1,1,1,0
GEMM_10_13_05,17.0,87,1,1,1,0
GEMM_10_13_04,17.0,87,1,1,1,0
GEMM_10_13_07,17.0,30,1,1,1,0
GEMM_10_13_06,17.0,87,1,1,1,0
GEMM_10_13_09,17.0,4,1,1,1,0
GEMM_10_13_08,17.0,17,1,1,1,0
GEMM_12_12_11,17.0,0,1,1,1,0
GEMM_13_10_04,17.0,84,1,1,1,0
GEMM_07_09_02,17.0,33,1,1,1,0
GEMM_14_09_02,17.0,66,1,1,1,0
GEMM_14_09_03,17.0,66,1,1,1,0
GEMM_14_09_00,17.0,39,1,1,1,0
GEMM_14_09_01,17.0,60,1,1,1,0
GEMM_14_09_06,17.0,66,1,1,1,0
GEMM_14_09_07,17.0,25,1,1,1,0
GEMM_14_09_04,17.0,66,1,1,1,0
GEMM_14_09_05,17.0,66,1,1,1,0
GETRF_03,3.3,1,1,1,1,0
GETRF_02,3.3,0,1,1,1,0
GEMM_09_04_01,17.0,68,1,1,1,0
GETRF_00,3.3,0,1,1,1,0
GETRF_07,3.3,1,1,1,1,0
GEMM_09_13_05,17.0,43,1,1,1,0
GETRF_05,3.3,1,1,1,1,0
GEMM_01_13_00,17.0,53,1,1,1,0
GEMM_13_07_03,17.0,50,1,1,1,0
GEMM_09_14_08,17.0,13,1,1,1,0
GEMM_09_13_04,17.0,43,1,1,1,0
GEMM_11_13_10,17.0,5,1,1,1,0
GEMM_09_14_02,17.0,67,1,1,1,0
GEMM_09_14_03,17.0,67,1,1,1,0
GEMM_09_14_00,17.0,34,1,1,1,0
GEMM_09_14_01,17.0,57,1,1,1,0
GEMM_09_14_06,17.0,67,1,1,1,0
GEMM_09_14_07,17.0,26,1,1,1,0
GEMM_09_14_04,17.0,67,1,1,1,0
GEMM_02_01_00,17.0,0,1,1,1,0
GEMM_14_08_06,17.0,31,1,1,1,0
GEMM_07_14_06,17.0,20,1,1,1,0
TRSML_06_04,8.8,2,1,1,1,0
GEMM_14_07_00,17.0,77,1,1,1,0
GEMM_14_07_01,17.0,29,1,1,1,0
GEMM_14_07_02,17.0,52,1,1,1,0
GEMM_14_07_03,17.0,60,1,1,1,0
GEMM_14_07_04,17.0,60,1,1,1,0
GEMM_14_07_05,17.0,51,1,1,1,0
GEMM_14_07_06,17.0,21,1,1,1,0
GEMM_08_02_00,17.0,35,1,1,1,0
GEMM_08_02_01,17.0,17,1,1,1,0
GEMM_09_06_03,17.0,69,1,1,1,0
GEMM_09_06_02,17.0,51,1,1,1,0
GEMM_09_06_05,17.0,4,1,1,1,0
GEMM_09_06_04,17.0,19,1,1,1,0
GEMM_14_12_08,17.0,35,1,1,1,0
GEMM_14_12_09,17.0,19,1,1,1,0
GEMM_14_12_06,17.0,35,1,1,1,0
GEMM_14_12_07,17.0,35,1,1,1,0
GEMM_14_12_04,17.0,35,1,1,1,0
GEMM_14_12_05,17.0,35,1,1,1,0
GEMM_14_12_02,17.0,31,1,1,1,0
GEMM_10_12_00,17.0,52,1,1,1,0
GEMM_14_12_00,17.0,27,1,1,1,0
GEMM_14_12_01,17.0,27,1,1,1,0
GEMM_06_03_01,17.0,18,1,1,1,0
GEMM_06_03_00,17.0,39,1,1,1,0
GEMM_10_12_01,17.0,83,1,1,1,0
GEMM_02_03_01,17.0,3,1,1,1,0
GEMM_02_03_00,17.0,11,1,1,1,0
TRSML_12_05,8.8,13,1,1,1,0
GEMM_14_11_10,17.0,4,1,1,1,0
GEMM_12_04_03,17.0,32,1,1,1,0
GEMM_11_14_01,17.0,70,1,1,1,0
GEMM_08_12_07,17.0,9,1,1,1,0
GEMM_11_06_03,17.0,30,1,1,1,0
TRSML_12_07,8.8,9,1,1,1,0
GEMM_12_04_01,17.0,48,1,1,1,0
GEMM_09_07_02,17.0,30,1,1,1,0
TRSML_12_00,8.8,23,1,1,1,0
GEMM_09_07_00,17.0,43,1,1,1,0
GEMM_11_06_01,17.0,65,1,1,1,0
GEMM_09_07_06,17.0,4,1,1,1,0
GEMM_09_07_04,17.0,61,1,1,1,0
TRSML_12_01,8.8,20,1,1,1,0
GEMM_10_10_08,17.0,7,1,1,1,0
GEMM_08_12_03,17.0,82,1,1,1,0
GEMM_10_10_04,17.0,46,1,1,1,0
GEMM_10_10_05,17.0,46,1,1,1,0
GEMM_10_10_06,17.0,40,1,1,1,0
TRSML_12_03,8.8,17,1,1,1,0
GEMM_05_01_00,17.0,9,1,1,1,0
GEMM_10_10_01,17.0,97,1,1,1,0
GEMM_10_10_02,17.0,46,1,1,1,0
GEMM_10_10_03,17.0,46,1,1,1,0
GEMM_08_11_00,17.0,69,1,1,1,0
GEMM_08_11_01,17.0,93,1,1,1,0
GEMM_08_11_02,17.0,39,1,1,1,0
GEMM_08_11_03,17.0,53,1,1,1,0
GEMM_08_11_04,17.0,53,1,1,1,0
GEMM_08_11_05,17.0,49,1,1,1,0
GEMM_08_11_06,17.0,19,1,1,1,0
GEMM_08_11_07,17.0,6,1,1,1,0
GEMM_10_10_00,17.0,92,1,1,1,0
TRSML_13_11,8.8,2,1,1,1,0
GEMM_06_14_01,17.0,49,1,1,1,0
GEMM_06_14_00,17.0,98,1,1,1,0
GEMM_06_14_03,17.0,95,1,1,1,0
GEMM_06_14_02,17.0,65,1,1,1,0
TRSML_05_04,8.8,1,1,1,1,0
GEMM_06_14_04,17.0,95,1,1,1,0
GEMM_11_14_03,17.0,70,1,1,1,0
GEMM_08_04_03,17.0,8,1,1,1,0
GEMM_11_12_08,17.0,22,1,1,1,0
TRSMU_04_05,8.8,0,1,1,1,0
GEMM_04_06_02,17.0,14,1,1,1,0
TRSML_14_11,8.8,5,1,1,1,0
GEMM_11_12_07,17.0,41,1,1,1,0
TRSML_14_13,8.8,0,1,1,1,0
GEMM_04_06_03,17.0,5,1,1,1,0
GEMM_07_09_03,17.0,56,1,1,1,0
GEMM_11_12_06,17.0,41,1,1,1,0
GEMM_11_10_04,17.0,57,1,1,1,0
TRSML_11_05,8.8,11,1,1,1,0
GEMM_11_12_04,17.0,41,1,1,1,0
GEMM_11_14_02,17.0,70,1,1,1,0
TRSML_11_04,8.8,12,1,1,1,0
GEMM_10_07_04,17.0,72,1,1,1,0
GEMM_10_07_05,17.0,19,1,1,1,0
GEMM_10_07_06,17.0,7,1,1,1,0
TRSMU_03_08,8.8,9,1,1,1,0
GEMM_10_07_00,17.0,67,1,1,1,0
GEMM_10_07_01,17.0,89,1,1,1,0
GEMM_10_07_02,17.0,57,1,1,1,0
GEMM_10_07_03,17.0,96,1,1,1,0
GEMM_01_12_00,17.0,44,1,1,1,0
GEMM_10_14_01,17.0,26,1,1,1,0
GEMM_11_02_00,17.0,57,1,1,1,0
GEMM_11_02_01,17.0,32,1,1,1,0
TRSML_09_03,8.8,10,1,1,1,0
TRSML_08_07,8.8,1,1,1,1,0
GEMM_03_04_02,17.0,3,1,1,1,0
GEMM_12_14_10,17.0,11,1,1,1,0
TRSML_07_06,8.8,1,1,1,1,0
GEMM_07_13_06,17.0,16,1,1,1,0
TRSMU_03_05,8.8,2,1,1,1,0
TRSMU_06_12,8.8,10,1,1,1,0
GEMM_10_12_09,17.0,2,1,1,1,0
TRSMU_03_04,8.8,0,1,1,1,0
TRSMU_08_14,8.8,10,1,1,1,0
TRSML_07_04,8.8,5,1,1,1,0
GEMM_08_10_07,17.0,4,1,1,1,0
GEMM_08_10_06,17.0,15,1,1,1,0
GEMM_08_10_05,17.0,39,1,1,1,0
GEMM_08_10_04,17.0,45,1,1,1,0
GEMM_08_10_03,17.0,45,1,1,1,0
GEMM_08_10_02,17.0,95,1,1,1,0
GEMM_08_10_01,17.0,79,1,1,1,0
GEMM_08_10_00,17.0,51,1,1,1,0
GEMM_14_11_08,17.0,25,1,1,1,0
TRSML_08_06,8.8,2,1,1,1,0
TRSML_08_05,8.8,4,1,1,1,0
TRSML_08_04,8.8,6,1,1,1,0
TRSMU_06_11,8.8,8,1,1,1,0
GEMM_13_12_04,17.0,90,1,1,1,0
GEMM_11_14_04,17.0,70,1,1,1,0
GEMM_06_06_03,17.0,22,1,1,1,0
GEMM_11_05_04,17.0,17,1,1,1,0
GEMM_11_05_03,17.0,51,1,1,1,0
GEMM_11_05_02,17.0,35,1,1,1,0
GEMM_11_05_01,17.0,86,1,1,1,0
GEMM_11_05_00,17.0,61,1,1,1,0
GEMM_01_01_00,17.0,1,1,1,1,0
GEMM_07_06_05,17.0,1,1,1,1,0
GEMM_02_09_00,17.0,42,1,1,1,0
GEMM_13_14_11,17.0,6,1,1,1,0
TRSML_11_06,8.8,9,1,1,1,0
GEMM_11_14_07,17.0,70,1,1,1,0
GEMM_13_10_05,17.0,84,1,1,1,0
GEMM_10_06_03,17.0,88,1,1,1,0
GEMM_10_06_02,17.0,76,1,1,1,0
GEMM_10_06_01,17.0,49,1,1,1,0
GEMM_10_06_00,17.0,82,1,1,1,0
GEMM_10_06_05,17.0,9,1,1,1,0
GEMM_10_06_04,17.0,29,1,1,1,0
GEMM_11_04_00,17.0,93,1,1,1,0
GEMM_11_04_01,17.0,92,1,1,1,0
GEMM_11_04_02,17.0,56,1,1,1,0
GEMM_11_04_03,17.0,21,1,1,1,0
GEMM_11_06_04,17.0,49,1,1,1,0
GEMM_05_03_02,17.0,2,1,1,1,0
GEMM_10_12_03,17.0,83,1,1,1,0
GEMM_05_03_00,17.0,33,1,1,1,0
GEMM_05_03_01,17.0,14,1,1,1,0
GEMM_11_06_02,17.0,88,1,1,1,0
GEMM_12_04_02,17.0,75,1,1,1,0
GEMM_11_06_00,17.0,94,1,1,1,0
GEMM_12_04_00,17.0,40,1,1,1,0
GEMM_11_12_09,17.0,11,1,1,1,0
GEMM_12_06_04,17.0,64,1,1,1,0
GEMM_11_03_01,17.0,59,1,1,1,0
GEMM_11_03_00,17.0,75,1,1,1,0
GEMM_11_12_05,17.0,41,1,1,1,0
GEMM_11_03_02,17.0,26,1,1,1,0
GEMM_11_12_03,17.0,41,1,1,1,0
GEMM_11_12_02,17.0,41,1,1,1,0
GEMM_11_12_01,17.0,41,1,1,1,0
GEMM_11_12_00,17.0,96,1,1,1,0
GEMM_10_04_01,17.0,80,1,1,1,0
GEMM_10_04_00,17.0,88,1,1,1,0
GEMM_10_04_03,17.0,17,1,1,1,0
GEMM_10_04_02,17.0,44,1,1,1,0
GEMM_08_01_00,17.0,21,1,1,1,0
GEMM_02_07_00,17.0,30,1,1,1,0
GEMM_14_11_09,17.0,14,1,1,1,0
GEMM_05_05_02,17.0,22,1,1,1,0
GEMM_12_06_05,17.0,17,1,1,1,0
GEMM_10_13_01,17.0,72,1,1,1,0
GEMM_06_01_00,17.0,13,1,1,1,0
GEMM_12_06_01,17.0,81,1,1,1,0
GEMM_12_06_00,17.0,53,1,1,1,0
GEMM_12_06_03,17.0,75,1,1,1,0
GEMM_10_13_00,17.0,82,1,1,1,0
GEMM_05_05_04,17.0,1,1,1,1,0
GEMM_12_06_02,17.0,44,1,1,1,0
GEMM_08_08_07,17.0,0,1,1,1,0
GEMM_07_11_04,17.0,89,1,1,1,0
GEMM_10_14_06,17.0,34,1,1,1,0
GEMM_10_05_02,17.0,86,1,1,1,0
GEMM_10_05_03,17.0,38,1,1,1,0
GEMM_10_05_00,17.0,48,1,1,1,0
GEMM_10_05_01,17.0,60,1,1,1,0
GEMM_10_05_04,17.0,13,1,1,1,0
GEMM_08_07_03,17.0,23,1,1,1,0
GEMM_08_07_02,17.0,71,1,1,1,0
GEMM_08_07_01,17.0,63,1,1,1,0
GEMM_08_07_00,17.0,90,1,1,1,0
GEMM_08_07_06,17.0,2,1,1,1,0
GEMM_08_07_05,17.0,11,1,1,1,0
GEMM_08_07_04,17.0,39,1,1,1,0
GEMM_13_09_01,17.0,25,1,1,1,0
GEMM_11_14_00,17.0,67,1,1,1,0
TRSMU_01_10,8.8,16,1,1,1,0
TRSMU_01_11,8.8,18,1,1,1,0
GEMM_13_09_05,17.0,44,1,1,1,0
GEMM_08_14_01,17.0,73,1,1,1,0
TRSMU_01_14,8.8,24,1,1,1,0
GEMM_13_09_06,17.0,44,1,1,1,0
GEMM_09_14_05,17.0,67,1,1,1,0
GEMM_08_14_00,17.0,55,1,1,1,0
TRSMU_05_07,8.8,3,1,1,1,0
GEMM_12_12_10,17.0,7,1,1,1,0
GEMM_11_07_05,17.0,24,1,1,1,0
GEMM_10_12_02,17.0,83,1,1,1,0
GEMM_11_07_06,17.0,9,1,1,1,0
GEMM_11_07_01,17.0,37,1,1,1,0
GEMM_11_07_00,17.0,90,1,1,1,0
GEMM_11_07_03,17.0,77,1,1,1,0
GEMM_07_09_01,17.0,74,1,1,1,0
GEMM_13_14_12,17.0,2,1,1,1,0
TRSML_09_06,8.8,4,1,1,1,0
GEMM_14_14_04,17.0,96,1,1,1,0
GEMM_14_14_05,17.0,96,1,1,1,0
GEMM_14_14_06,17.0,96,1,1,1,0
GEMM_14_14_07,17.0,96,1,1,1,0
GEMM_14_14_00,17.0,96,1,1,1,0
GEMM_14_14_01,17.0,96,1,1,1,0
GEMM_14_14_02,17.0,96,1,1,1,0
GEMM_14_14_03,17.0,96,1,1,1,0
GEMM_14_14_08,17.0,96,1,1,1,0
GEMM_11_06_05,17.0,13,1,1,1,0
GEMM_12_13_04,17.0,88,1,1,1,0
TRSMU_09_12,8.8,4,1,1,1,0
TRSMU_09_13,8.8,6,1,1,1,0
TRSMU_09_10,8.8,1,1,1,1,0
GETRF_08,3.3,0,1,1,1,0
GEMM_01_11_00,17.0,38,1,1,1,0
TRSMU_09_14,8.8,8,1,1,1,0
TRSMU_10_14,8.8,6,1,1,1,0
GEMM_04_05_03,17.0,2,1,1,1,0
GEMM_02_14_01,17.0,64,1,1,1,0
GEMM_02_14_00,17.0,79,1,1,1,0
GEMM_12_05_00,17.0,75,1,1,1,0
GEMM_12_05_01,17.0,37,1,1,1,0
GEMM_12_05_02,17.0,63,1,1,1,0
GEMM_11_01_00,17.0,37,1,1,1,0
GEMM_12_05_04,17.0,24,1,1,1,0
GEMM_12_13_06,17.0,88,1,1,1,0
GEMM_14_10_01,17.0,22,1,1,1,0
TRSMU_10_12,8.8,3,1,1,1,0
GEMM_13_13_07,17.0,58,1,1,1,0
GEMM_06_09_03,17.0,68,1,1,1,0
GEMM_06_09_02,17.0,50,1,1,1,0
GEMM_06_09_01,17.0,31,1,1,1,0
GEMM_06_09_00,17.0,71,1,1,1,0
GEMM_11_10_01,17.0,47,1,1,1,0
GEMM_11_10_00,17.0,24,1,1,1,0
GEMM_11_10_03,17.0,57,1,1,1,0
GEMM_09_04_02,17.0,30,1,1,1,0
GEMM_14_10_04,17.0,30,1,1,1,0
GEMM_04_05_02,17.0,11,1,1,1,0
GEMM_11_10_09,17.0,3,1,1,1,0
GETRF_01,3.3,1,1,1,1,0
GEMM_14_10_05,17.0,33,1,1,1,0
GEMM_11_14_09,17.0,15,1,1,1,0
GEMM_07_11_05,17.0,23,1,1,1,0
GEMM_09_04_00,17.0,82,1,1,1,0
GEMM_12_13_05,17.0,88,1,1,1,0
GEMM_13_10_08,17.0,16,1,1,1,0
TRSML_13_08,8.8,9,1,1,1,0
TRSML_13_07,8.8,11,1,1,1,0
TRSML_13_06,8.8,13,1,1,1,0
GEMM_02_12_01,17.0,38,1,1,1,0
GEMM_02_12_00,17.0,65,1,1,1,0
GEMM_14_04_01,17.0,94,1,1,1,0
GEMM_14_04_00,17.0,66,1,1,1,0
TRSML_13_01,8.8,22,1,1,1,0
TRSML_13_00,8.8,25,1,1,1,0
GEMM_13_08_02,17.0,63,1,1,1,0
GEMM_13_08_03,17.0,79,1,1,1,0
GEMM_13_08_00,17.0,98,1,1,1,0
GEMM_02_05_00,17.0,19,1,1,1,0
GEMM_13_08_06,17.0,27,1,1,1,0
GEMM_13_08_07,17.0,12,1,1,1,0
GEMM_13_08_04,17.0,79,1,1,1,0
GEMM_13_08_05,17.0,79,1,1,1,0
GEMM_08_13_06,17.0,28,1,1,1,0
GEMM_08_13_07,17.0,13,1,1,1,0
GEMM_08_13_04,17.0,80,1,1,1,0
GETRF_04,3.3,0,1,1,1,0
GEMM_08_13_02,17.0,64,1,1,1,0
GEMM_08_13_03,17.0,80,1,1,1,0
GEMM_08_13_00,17.0,99,1,1,1,0
GEMM_08_13_01,17.0,75,1,1,1,0
GEMM_12_14_08,17.0,36,1,1,1,0
GEMM_12_14_09,17.0,20,1,1,1,0
GEMM_12_14_06,17.0,36,1,1,1,0
GEMM_12_14_07,17.0,36,1,1,1,0
GEMM_12_14_04,17.0,36,1,1,1,0
GEMM_12_14_05,17.0,36,1,1,1,0
GEMM_12_14_02,17.0,32,1,1,1,0
GEMM_12_14_03,17.0,32,1,1,1,0
GEMM_12_14_00,17.0,31,1,1,1,0
GEMM_12_14_01,17.0,31,1,1,1,0
GEMM_14_13_11,17.0,7,1,1,1,0
TRSMU_01_12,8.8,21,1,1,1,0
GEMM_14_05_04,17.0,55,1,1,1,0
GEMM_13_07_04,17.0,50,1,1,1,0
GEMM_14_05_02,17.0,23,1,1,1,0
GEMM_13_07_02,17.0,98,1,1,1,0
GEMM_13_07_01,17.0,98,1,1,1,0
GEMM_14_05_01,17.0,72,1,1,1,0
TRSMU_03_14,8.8,20,1,1,1,0
GEMM_13_05_04,17.0,33,1,1,1,0
GEMM_13_05_01,17.0,54,1,1,1,0
GEMM_13_05_00,17.0,86,1,1,1,0
GEMM_13_05_03,17.0,93,1,1,1,0
GEMM_13_05_02,17.0,84,1,1,1,0
GEMM_13_09_02,17.0,43,1,1,1,0
TRSMU_04_10,8.8,11,1,1,1,0
GEMM_11_14_05,17.0,70,1,1,1,0
GEMM_07_09_04,17.0,62,1,1,1,0
GEMM_06_07_05,17.0,3,1,1,1,0
GEMM_13_09_04,17.0,44,1,1,1,0
GEMM_12_12_04,17.0,86,1,1,1,0
GEMM_12_12_05,17.0,86,1,1,1,0
GEMM_12_12_06,17.0,86,1,1,1,0
GEMM_12_12_07,17.0,86,1,1,1,0
GEMM_12_12_00,17.0,86,1,1,1,0
GEMM_12_12_01,17.0,86,1,1,1,0
GEMM_12_12_02,17.0,86,1,1,1,0
GEMM_12_12_03,17.0,86,1,1,1,0
GEMM_13_04_02,17.0,91,1,1,1,0
GEMM_06_04_03,17.0,3,1,1,1,0
GEMM_11_14_06,17.0,70,1,1,1,0
GEMM_14_03_00,17.0,97,1,1,1,0
GEMM_14_03_01,17.0,97,1,1,1,0
GEMM_01_10_00,17.0,32,1,1,1,0
GEMM_13_04_03,17.0,42,1,1,1,0
TRSML_10_02,8.8,15,1,1,1,0
TRSML_10_03,8.8,13,1,1,1,0
TRSML_10_00,8.8,19,1,1,1,0
TRSML_10_01,8.8,17,1,1,1,0
TRSML_10_06,8.8,7,1,1,1,0
GEMM_05_07_00,17.0,85,1,1,1,0
TRSML_10_04,8.8,10,1,1,1,0
TRSML_10_05,8.8,9,1,1,1,0
GEMM_12_14_11,17.0,4,1,1,1,0
TRSML_10_08,8.8,3,1,1,1,0
GEMM_13_04_01,17.0,71,1,1,1,0
GEMM_02_02_00,17.0,6,1,1,1,0
GEMM_02_02_01,17.0,0,1,1,1,0
GEMM_11_13_00,17.0,29,1,1,1,0
GEMM_11_13_01,17.0,47,1,1,1,0
GEMM_11_13_02,17.0,47,1,1,1,0
GEMM_11_13_03,17.0,47,1,1,1,0
GEMM_06_08_00,17.0,57,1,1,1,0
GEMM_06_08_01,17.0,81,1,1,1,0
GEMM_06_08_02,17.0,97,1,1,1,0
GEMM_06_08_03,17.0,46,1,1,1,0
GEMM_05_09_04,17.0,9,1,1,1,0
GEMM_11_11_07,17.0,31,1,1,1,0
GEMM_11_11_04,17.0,97,1,1,1,0
GEMM_11_11_05,17.0,97,1,1,1,0
GEMM_11_11_02,17.0,97,1,1,1,0
GEMM_11_11_03,17.0,97,1,1,1,0
GEMM_11_11_00,17.0,83,1,1,1,0
GEMM_11_11_01,17.0,97,1,1,1,0
GEMM_12_10_02,17.0,85,1,1,1,0
GEMM_12_10_03,17.0,85,1,1,1,0
GEMM_12_10_00,17.0,53,1,1,1,0
GEMM_12_10_01,17.0,85,1,1,1,0
GEMM_12_10_06,17.0,85,1,1,1,0
GEMM_12_10_07,17.0,28,1,1,1,0
GEMM_12_10_04,17.0,85,1,1,1,0
GEMM_12_10_05,17.0,85,1,1,1,0
GEMM_12_10_08,17.0,15,1,1,1,0
GEMM_12_10_09,17.0,5,1,1,1,0
TRSML_12_04,8.8,14,1,1,1,0
GEMM_08_12_04,17.0,82,1,1,1,0
TRSML_12_06,8.8,11,1,1,1,0
GEMM_08_12_06,17.0,23,1,1,1,0
GEMM_02_04_00,17.0,15,1,1,1,0
GEMM_02_04_01,17.0,5,1,1,1,0
TRSML_12_02,8.8,19,1,1,1,0
GEMM_08_12_02,17.0,82,1,1,1,0
GEMM_05_10_03,17.0,37,1,1,1,0
TRSML_12_08,8.8,7,1,1,1,0
TRSML_12_09,8.8,5,1,1,1,0
GEMM_01_03_00,17.0,5,1,1,1,0
TRSML_07_02,8.8,9,1,1,1,0
TRSML_07_03,8.8,7,1,1,1,0
TRSML_07_00,8.8,12,1,1,1,0
TRSML_07_01,8.8,11,1,1,1,0
TRSML_11_01,8.8,19,1,1,1,0
TRSML_11_00,8.8,21,1,1,1,0
TRSML_11_03,8.8,15,1,1,1,0
TRSML_11_02,8.8,17,1,1,1,0
GEMM_13_06_05,17.0,21,1,1,1,0
TRSMU_10_11,8.8,1,1,1,1,0
TRSML_11_09,8.8,3,1,1,1,0
TRSML_11_08,8.8,5,1,1,1,0
GEMM_02_10_01,17.0,26,1,1,1,0
GEMM_02_10_00,17.0,49,1,1,1,0
GEMM_06_06_00,17.0,95,1,1,1,0
GEMM_04_12_00,17.0,39,1,1,1,0
GEMM_13_06_00,17.0,74,1,1,1,0
GEMM_13_06_01,17.0,94,1,1,1,0
GEMM_14_02_01,17.0,65,1,1,1,0
GEMM_14_02_00,17.0,80,1,1,1,0
GEMM_13_06_04,17.0,77,1,1,1,0
GEMM_03_06_02,17.0,7,1,1,1,0
GEMM_03_06_01,17.0,19,1,1,1,0
GEMM_03_06_00,17.0,40,1,1,1,0
GEMM_08_14_03,17.0,99,1,1,1,0
GEMM_08_14_02,17.0,99,1,1,1,0
GEMM_02_06_00,17.0,24,1,1,1,0
GEMM_02_06_01,17.0,9,1,1,1,0
GEMM_08_14_07,17.0,17,1,1,1,0
GEMM_08_14_06,17.0,32,1,1,1,0
GEMM_08_14_05,17.0,99,1,1,1,0
GEMM_08_14_04,17.0,99,1,1,1,0
GEMM_13_13_09,17.0,21,1,1,1,0
GEMM_11_10_08,17.0,11,1,1,1,0
GEMM_04_07_03,17.0,6,1,1,1,0
GEMM_04_07_02,17.0,19,1,1,1,0
GEMM_04_07_01,17.0,42,1,1,1,0
GEMM_04_07_00,17.0,66,1,1,1,0
GEMM_12_13_03,17.0,88,1,1,1,0
GEMM_06_06_01,17.0,95,1,1,1,0
GEMM_12_13_01,17.0,88,1,1,1,0
GEMM_12_13_00,17.0,87,1,1,1,0
TRSML_05_00,8.8,9,1,1,1,0
TRSML_05_01,8.8,7,1,1,1,0
TRSML_05_02,8.8,5,1,1,1,0
TRSML_05_03,8.8,3,1,1,1,0
GEMM_12_13_09,17.0,18,1,1,1,0
GEMM_12_13_08,17.0,88,1,1,1,0
TRSMU_04_11,8.8,13,1,1,1,0
GEMM_09_06_01,17.0,32,1,1,1,0
TRSMU_04_13,8.8,17,1,1,1,0
TRSMU_04_12,8.8,15,1,1,1,0
GEMM_03_04_01,17.0,11,1,1,1,0
GEMM_03_04_00,17.0,28,1,1,1,0
GEMM_02_09_01,17.0,21,1,1,1,0
GEMM_09_06_00,17.0,70,1,1,1,0
TRSML_14_06,8.8,15,1,1,1,0
TRSML_14_07,8.8,13,1,1,1,0
TRSML_14_04,8.8,19,1,1,1,0
TRSML_14_05,8.8,17,1,1,1,0
TRSML_14_02,8.8,23,1,1,1,0
TRSML_14_03,8.8,21,1,1,1,0
TRSML_14_00,8.8,27,1,1,1,0
TRSML_14_01,8.8,25,1,1,1,0
GEMM_13_13_05,17.0,58,1,1,1,0
TRSML_14_08,8.8,11,1,1,1,0
TRSML_14_09,8.8,9,1,1,1,0
0,GETRF_00,TRSML_01_00,GEMM_02_01_00,TRSMU_01_02,GEMM_02_02_01,GETRF_02,TRSML_03_02,GEMM_04_03_02,TRSMU_03_04,GEMM_04_04_03,GETRF_04,TRSMU_04_05,GEMM_05_06_04,TRSMU_05_06,GEMM_06_06_05,GETRF_06,TRSMU_06_07,GEMM_07_08_06,TRSMU_07_08,GEMM_08_08_07,GETRF_08,TRSML_09_08,GEMM_10_09_08,TRSML_10_09,GEMM_10_10_09,GETRF_10,TRSML_11_10,GEMM_12_11_10,TRSMU_11_12,GEMM_12_12_11,GETRF_12,TRSML_13_12,GEMM_14_13_12,TRSML_14_13,GEMM_14_14_13,GETRF_14
1,TRSMU_00_01,GEMM_01_01_00,GETRF_01,TRSML_02_01,GEMM_03_02_01,TRSMU_02_03,GEMM_03_03_02,GETRF_03,TRSML_04_03,GEMM_05_04_03,TRSML_05_04,GEMM_05_05_04,GETRF_05,TRSML_06_05,GEMM_07_06_05,TRSML_07_06,GEMM_07_07_06,GETRF_07,TRSML_08_07,GEMM_09_08_07,TRSMU_08_09,GEMM_09_09_08,GETRF_09,TRSMU_09_10,GEMM_10_11_09,TRSMU_10_11,GEMM_11_11_10,GETRF_11,TRSML_12_11,GEMM_13_12_11,TRSMU_12_13,GEMM_13_13_12,GETRF_13,TRSMU_13_14
2,TRSML_02_00,GEMM_03_01_00,TRSML_03_01,GEMM_04_02_01,TRSML_04_02,GEMM_05_03_02,TRSMU_03_05,GEMM_04_05_03,TRSML_06_04,GEMM_06_05_04,TRSML_07_05,GEMM_08_06_05,TRSML_08_06,GEMM_08_07_06,TRSML_09_07,GEMM_10_08_07,TRSMU_08_10,GEMM_09_10_08,TRSMU_09_11,GEMM_10_12_09,TRSML_12_10,GEMM_13_11_10,TRSML_13_11,GEMM_14_12_11,TRSMU_12_14,GEMM_13_14_12
3,TRSMU_00_02,GEMM_01_02_00,TRSMU_01_03,GEMM_02_03_01,TRSMU_02_04,GEMM_03_04_02,TRSML_05_03,GEMM_06_04_03,TRSMU_04_06,GEMM_05_07_04,TRSMU_05_07,GEMM_06_07_05,TRSMU_06_08,GEMM_07_09_06,TRSMU_07_09,GEMM_08_09_07,TRSML_10_08,GEMM_11_09_08,TRSML_11_09,GEMM_11_10_09,TRSMU_10_12,GEMM_11_12_10,TRSMU_11_13,GEMM_12_13_11,TRSML_14_12,GEMM_14_14_12
4,TRSML_03_00,GEMM_04_01_00,TRSML_04_01,GEMM_05_02_01,TRSMU_02_05,GEMM_03_05_02,TRSML_06_03,GEMM_07_04_03,TRSMU_04_07,GEMM_05_08_04,TRSML_08_05,GEMM_09_06_05,TRSML_09_06,GEMM_09_07_06,TRSMU_07_10,GEMM_08_10_07,TRSMU_08_11,GEMM_09_11_08,TRSMU_09_12,GEMM_10_13_09,TRSML_13_10,GEMM_14_11_10,TRSMU_11_14,GEMM_12_14_11
5,TRSMU_00_03,GEMM_01_03_00,TRSMU_01_04,GEMM_02_04_01,TRSML_05_02,GEMM_06_03_02,TRSMU_03_06,GEMM_04_06_03,TRSML_07_04,GEMM_07_05_04,TRSMU_05_08,GEMM_06_08_05,TRSMU_06_09,GEMM_07_10_06,TRSML_10_07,GEMM_11_08_07,TRSML_11_08,GEMM_12_09_08,TRSML_12_09,GEMM_12_10_09,TRSMU_10_13,GEMM_11_13_10,TRSML_14_11,GEMM_13_13_11
6,TRSML_04_00,GEMM_02_02_00,TRSMU_01_05,GEMM_02_05_01,TRSML_06_02,GEMM_04_04_02,TRSMU_03_07,GEMM_04_07_03,TRSML_08_04,GEMM_08_05_04,TRSML_09_05,GEMM_07_07_05,TRSMU_06_10,GEMM_08_08_06,TRSMU_07_11,GEMM_08_11_07,TRSMU_08_12,GEMM_09_12_08,TRSMU_09_13,GEMM_11_11_09,TRSMU_10_14,GEMM_11_14_10,GEMM_13_14_11
7,TRSMU_00_04,GEMM_01_04_00,TRSML_05_01,GEMM_03_03_01,TRSMU_02_06,GEMM_03_06_02,TRSML_07_03,GEMM_05_05_03,TRSMU_04_08,GEMM_06_06_04,TRSMU_05_09,GEMM_06_09_05,TRSML_10_06,GEMM_10_07_06,TRSML_11_07,GEMM_09_09_07,TRSML_12_08,GEMM_10_10_08,TRSML_13_09,GEMM_13_10_09,TRSML_14_10,GEMM_12_12_10,GEMM_14_13_11
8,TRSMU_00_05,GEMM_01_05_00,TRSMU_01_06,GEMM_06_02_01,TRSMU_02_07,GEMM_03_07_02,TRSML_08_03,GEMM_08_04_03,TRSML_09_04,GEMM_09_05_04,TRSMU_05_10,GEMM_06_10_05,TRSMU_06_11,GEMM_07_11_06,TRSMU_07_12,GEMM_12_08_07,TRSMU_08_13,GEMM_09_13_08,TRSMU_09_14,GEMM_10_14_09,GEMM_12_13_10,GEMM_14_14_11
9,TRSML_05_00,GEMM_05_01_00,TRSML_06_01,GEMM_02_06_01,TRSML_07_02,GEMM_07_03_02,TRSMU_03_08,GEMM_04_08_03,TRSMU_04_09,GEMM_05_09_04,TRSML_10_05,GEMM_10_06_05,TRSML_11_06,GEMM_11_07_06,TRSML_12_07,GEMM_08_12_07,TRSML_13_08,GEMM_13_09_08,TRSML_14_09,GEMM_14_10_09,GEMM_13_12_10
10,TRSML_06_00,GEMM_03_02_00,TRSMU_01_07,GEMM_04_03_01,TRSML_08_02,GEMM_05_04_02,TRSML_09_03,GEMM_05_06_03,TRSML_10_04,GEMM_06_07_04,TRSMU_05_11,GEMM_07_08_05,TRSMU_06_12,GEMM_09_08_06,TRSMU_07_13,GEMM_09_10_07,TRSMU_08_14,GEMM_10_11_08,GEMM_12_11_09,GEMM_14_12_10
11,TRSMU_00_06,GEMM_02_03_00,TRSML_07_01,GEMM_03_04_01,TRSMU_02_08,GEMM_04_05_02,TRSMU_03_09,GEMM_06_05_03,TRSMU_04_10,GEMM_07_06_04,TRSML_11_05,GEMM_08_07_05,TRSML_12_06,GEMM_08_09_06,TRSML_13_07,GEMM_10_09_07,TRSML_14_08,GEMM_11_10_08,GEMM_11_12_09,GEMM_12_14_10
12,TRSML_07_00,GEMM_01_06_00,TRSML_08_01,GEMM_07_02_01,TRSML_09_02,GEMM_08_03_02,TRSMU_03_10,GEMM_04_09_03,TRSML_11_04,GEMM_05_10_04,TRSMU_05_12,GEMM_06_11_05,TRSMU_06_13,GEMM_12_07_06,TRSMU_07_14,GEMM_13_08_07,GEMM_14_09_08,GEMM_13_11_09,GEMM_13_13_10
13,TRSMU_00_07,GEMM_06_01_00,TRSMU_01_08,GEMM_02_07_01,TRSMU_02_09,GEMM_03_08_02,TRSML_10_03,GEMM_09_04_03,TRSMU_04_11,GEMM_10_05_04,TRSML_12_05,GEMM_11_06_05,TRSML_13_06,GEMM_07_12_06,TRSML_14_07,GEMM_08_13_07,GEMM_09_14_08,GEMM_11_13_09,GEMM_13_14_10
14,TRSML_08_00,GEMM_04_02_00,TRSML_09_01,GEMM_05_03_01,TRSMU_02_10,GEMM_04_06_02,TRSMU_03_11,GEMM_07_05_03,TRSML_12_04,GEMM_08_06_04,TRSMU_05_13,GEMM_07_09_05,TRSMU_06_14,GEMM_10_08_06,GEMM_11_09_07,GEMM_10_12_08,GEMM_14_11_09,GEMM_14_13_10
15,TRSMU_00_08,GEMM_02_04_00,TRSMU_01_09,GEMM_03_05_01,TRSML_10_02,GEMM_06_04_02,TRSML_11_03,GEMM_05_07_03,TRSMU_04_12,GEMM_06_08_04,TRSML_13_05,GEMM_09_07_05,TRSML_14_06,GEMM_08_10_06,GEMM_09_11_07,GEMM_12_10_08,GEMM_11_14_09,GEMM_14_14_10
16,TRSML_09_00,GEMM_07_01_00,TRSMU_01_10,GEMM_02_08_01,TRSMU_02_11,GEMM_03_09_02,TRSMU_03_12,GEMM_04_10_03,TRSML_13_04,GEMM_05_11_04,TRSMU_05_14,GEMM_06_12_05,GEMM_07_13_06,GEMM_14_08_07,GEMM_13_10_08,GEMM_12_12_09
17,TRSMU_00_09,GEMM_01_07_00,TRSML_10_01,GEMM_08_02_01,TRSML_11_02,GEMM_09_03_02,TRSML_12_03,GEMM_10_04_03,TRSMU_04_13,GEMM_11_05_04,TRSML_14_05,GEMM_12_06_05,GEMM_13_07_06,GEMM_08_14_07,GEMM_10_13_08,GEMM_13_12_09
18,TRSMU_00_10,GEMM_05_02_00,TRSMU_01_11,GEMM_06_03_01,TRSMU_02_12,GEMM_07_04_02,TRSML_13_03,GEMM_08_05_03,TRSMU_04_14,GEMM_06_09_04,GEMM_07_10_05,GEMM_11_08_06,GEMM_12_09_07,GEMM_11_11_08,GEMM_12_13_09
19,TRSML_10_00,GEMM_02_05_00,TRSML_11_01,GEMM_03_06_01,TRSML_12_02,GEMM_04_07_02,TRSMU_03_13,GEMM_05_08_03,TRSML_14_04,GEMM_09_06_04,GEMM_10_07_05,GEMM_08_11_06,GEMM_09_12_07,GEMM_10_14_08,GEMM_14_12_09
20,TRSMU_00_11,GEMM_01_08_00,TRSML_12_01,GEMM_09_02_01,TRSML_13_02,GEMM_03_10_02,TRSMU_03_14,GEMM_04_11_03,GEMM_08_09_03,GEMM_08_09_04,GEMM_06_13_05,GEMM_07_14_06,GEMM_10_10_07,GEMM_14_10_08,GEMM_12_14_09
21,TRSML_11_00,GEMM_08_01_00,TRSMU_01_12,GEMM_02_09_01,TRSMU_02_13,GEMM_10_03_02,TRSML_14_03,GEMM_11_04_03,GEMM_09_08_03,GEMM_09_08_04,GEMM_13_06_05,GEMM_14_07_06,GEMM_09_13_07,GEMM_12_11_08,GEMM_13_13_09
22,TRSMU_00_12,GEMM_03_03_00,TRSML_13_01,GEMM_04_04_01,TRSMU_02_14,GEMM_05_05_02,GEMM_06_06_03,GEMM_14_10_01,GEMM_14_10_02,GEMM_08_08_05,GEMM_09_09_06,GEMM_13_09_07,GEMM_11_12_08,GEMM_13_14_09
23,TRSML_12_00,GEMM_06_02_00,TRSMU_01_13,GEMM_03_07_01,TRSML_14_02,GEMM_08_04_02,GEMM_14_05_02,GEMM_08_07_03,GEMM_05_12_04,GEMM_07_11_05,GEMM_08_12_06,GEMM_10_11_07,GEMM_13_11_08,GEMM_14_13_09
24,TRSMU_00_13,GEMM_02_06_00,TRSMU_01_14,GEMM_07_03_01,GEMM_04_08_02,GEMM_11_10_00,GEMM_09_13_01,GEMM_12_05_04,GEMM_11_07_05,GEMM_12_08_06,GEMM_11_10_07,GEMM_11_13_08
25,TRSML_13_00,GEMM_09_01_00,TRSML_14_01,GEMM_10_02_01,GEMM_03_11_02,GEMM_10_11_00,GEMM_13_09_01,GEMM_07_07_04,GEMM_14_06_05,GEMM_09_10_06,GEMM_14_09_07,GEMM_14_11_08
26,TRSMU_00_14,GEMM_01_09_00,GEMM_02_10_01,GEMM_11_03_02,GEMM_05_09_03,GEMM_10_14_01,GEMM_10_14_02,GEMM_06_14_05,GEMM_10_09_06,GEMM_09_14_07,GEMM_11_14_08
27,TRSML_14_00,GEMM_04_03_00,GEMM_04_05_01,GEMM_06_05_02,GEMM_09_05_03,GEMM_14_12_00,GEMM_14_12_01,GEMM_09_08_05,GEMM_13_08_06,GEMM_10_12_07,GEMM_12_12_08
28,GEMM_03_04_00,GEMM_05_04_01,GEMM_05_06_02,GEMM_07_14_01,GEMM_13_11_00,GEMM_06_10_04,GEMM_08_09_05,GEMM_08_13_06,GEMM_12_10_07
29,GEMM_07_02_00,GEMM_03_08_01,GEMM_04_09_02,GEMM_14_07_01,GEMM_11_13_00,GEMM_10_06_04,GEMM_10_14_03,GEMM_10_14_04,GEMM_11_09_06,GEMM_13_10_07
30,GEMM_02_07_00,GEMM_08_03_01,GEMM_09_04_02,GEMM_09_07_02,GEMM_11_06_03,GEMM_05_13_04,GEMM_14_10_03,GEMM_14_10_04,GEMM_09_11_06,GEMM_10_13_07
31,GEMM_10_01_00,GEMM_02_11_01,GEMM_06_09_01,GEMM_08_08_01,GEMM_04_12_03,GEMM_12_14_00,GEMM_12_14_01,GEMM_14_12_02,GEMM_14_12_03,GEMM_14_08_06,GEMM_11_11_07
32,GEMM_01_10_00,GEMM_11_02_01,GEMM_09_06_01,GEMM_05_11_02,GEMM_12_04_03,GEMM_12_07_03,GEMM_12_07_04,GEMM_12_14_02,GEMM_12_14_03,GEMM_08_14_06
33,GEMM_05_03_00,GEMM_04_06_01,GEMM_12_03_02,GEMM_07_09_02,GEMM_06_11_03,GEMM_13_05_04,GEMM_12_07_05,GEMM_14_10_05,GEMM_14_10_06,GEMM_14_10_07
34,GEMM_03_05_00,GEMM_06_04_01,GEMM_03_12_02,GEMM_09_14_00,GEMM_11_08_02,GEMM_07_08_04,GEMM_07_12_05,GEMM_10_14_05,GEMM_10_14_06,GEMM_10_14_07
35,GEMM_08_02_00,GEMM_03_09_01,GEMM_08_09_00,GEMM_11_05_02,GEMM_06_07_03,GEMM_07_12_03,GEMM_07_12_04,GEMM_10_08_05,GEMM_14_12_04,GEMM_14_12_05,GEMM_14_12_06,GEMM_14_12_07,GEMM_14_12_08
36,GEMM_02_08_00,GEMM_09_03_01,GEMM_09_08_00,GEMM_07_11_01,GEMM_07_06_03,GEMM_12_09_02,GEMM_12_09_03,GEMM_12_09_04,GEMM_12_09_05,GEMM_12_14_04,GEMM_12_14_05,GEMM_12_14_06,GEMM_12_14_07,GEMM_12_14_08
37,GEMM_11_01_00,GEMM_12_02_01,GEMM_12_05_01,GEMM_11_07_01,GEMM_05_10_03,GEMM_09_12_02,GEMM_09_12_03,GEMM_09_12_04,GEMM_09_12_05,GEMM_12_09_06
38,GEMM_01_11_00,GEMM_02_12_01,GEMM_05_12_01,GEMM_04_14_02,GEMM_10_05_03,GEMM_12_11_01,GEMM_12_11_02,GEMM_12_11_03,GEMM_12_11_04,GEMM_09_12_06
39,GEMM_06_03_00,GEMM_04_12_00,GEMM_09_05_01,GEMM_07_05_02,GEMM_14_09_00,GEMM_08_11_02,GEMM_08_07_04,GEMM_08_10_05,GEMM_12_11_05,GEMM_12_11_06,GEMM_12_11_07
40,GEMM_03_06_00,GEMM_12_04_00,GEMM_05_09_01,GEMM_05_07_02,GEMM_09_09_01,GEMM_05_14_03,GEMM_09_13_02,GEMM_09_13_03,GEMM_07_13_05,GEMM_10_10_06
41,GEMM_09_02_00,GEMM_07_04_01,GEMM_12_07_00,GEMM_14_04_02,GEMM_04_13_03,GEMM_11_12_01,GEMM_11_12_02,GEMM_11_12_03,GEMM_11_12_04,GEMM_11_12_05,GEMM_11_12_06,GEMM_11_12_07
42,GEMM_02_09_00,GEMM_04_07_01,GEMM_07_12_00,GEMM_09_11_00,GEMM_13_04_03,GEMM_10_08_03,GEMM_10_08_04,GEMM_13_07_05
43,GEMM_12_01_00,GEMM_06_07_00,GEMM_09_07_00,GEMM_04_10_02,GEMM_06_12_02,GEMM_14_05_03,GEMM_13_09_02,GEMM_13_09_03,GEMM_09_13_04,GEMM_09_13_05,GEMM_09_13_06
44,GEMM_01_12_00,GEMM_07_06_00,GEMM_07_09_00,GEMM_10_04_02,GEMM_12_06_02,GEMM_10_11_01,GEMM_13_11_01,GEMM_13_11_02,GEMM_13_09_04,GEMM_13_09_05,GEMM_13_09_06
45,GEMM_04_04_00,GEMM_03_10_01,GEMM_07_07_01,GEMM_11_09_00,GEMM_08_06_03,GEMM_08_10_03,GEMM_08_10_04,GEMM_13_11_03,GEMM_13_11_04,GEMM_13_11_05,GEMM_13_11_06,GEMM_13_11_07
46,GEMM_03_07_00,GEMM_10_03_01,GEMM_06_10_01,GEMM_14_06_01,GEMM_06_08_03,GEMM_10_10_02,GEMM_10_10_03,GEMM_10_10_04,GEMM_10_10_05
47,GEMM_07_03_00,GEMM_05_10_00,GEMM_04_12_01,GEMM_03_13_02,GEMM_12_08_01,GEMM_11_10_01,GEMM_11_13_01,GEMM_11_13_02,GEMM_11_13_03,GEMM_11_13_04,GEMM_11_13_05,GEMM_11_13_06,GEMM_11_13_07
48,GEMM_10_02_00,GEMM_10_05_00,GEMM_12_04_01,GEMM_13_03_02,GEMM_08_12_01,GEMM_07_14_02,GEMM_06_11_04,GEMM_11_08_05
49,GEMM_02_10_00,GEMM_05_05_01,GEMM_10_06_01,GEMM_06_14_01,GEMM_08_08_02,GEMM_09_10_02,GEMM_11_06_04,GEMM_08_11_05
50,GEMM_05_04_00,GEMM_02_13_01,GEMM_10_08_00,GEMM_06_09_02,GEMM_05_11_03,GEMM_13_07_03,GEMM_13_07_04,GEMM_07_14_05
51,GEMM_04_05_00,GEMM_13_02_01,GEMM_08_10_00,GEMM_09_06_02,GEMM_11_05_03,GEMM_07_13_03,GEMM_07_13_04,GEMM_14_07_05
52,GEMM_13_01_00,GEMM_04_13_00,GEMM_06_12_00,GEMM_08_05_02,GEMM_10_12_00,GEMM_14_07_02,GEMM_11_08_03,GEMM_11_08_04,GEMM_09_09_05
53,GEMM_01_13_00,GEMM_13_04_00,GEMM_12_06_00,GEMM_05_08_02,GEMM_12_10_00,GEMM_09_07_03,GEMM_08_11_03,GEMM_08_11_04,GEMM_12_08_05
54,GEMM_03_08_00,GEMM_08_04_01,GEMM_13_05_01,GEMM_14_08_00,GEMM_07_11_02,GEMM_10_09_02,GEMM_05_14_04,GEMM_08_12_05
55,GEMM_08_03_00,GEMM_04_08_01,GEMM_05_13_01,GEMM_08_14_00,GEMM_11_07_02,GEMM_06_13_03,GEMM_14_05_04
56,GEMM_02_11_00,GEMM_08_06_00,GEMM_07_06_01,GEMM_11_04_02,GEMM_07_10_02,GEMM_07_09_03,GEMM_10_11_02,GEMM_10_11_03,GEMM_10_11_04,GEMM_10_11_05,GEMM_10_11_06
57,GEMM_11_02_00,GEMM_06_08_00,GEMM_06_07_01,GEMM_04_11_02,GEMM_10_07_02,GEMM_09_14_01,GEMM_11_10_02,GEMM_11_10_03,GEMM_11_10_04,GEMM_11_10_05,GEMM_11_10_06
58,GEMM_04_06_00,GEMM_03_11_01,GEMM_13_07_00,GEMM_09_08_01,GEMM_04_14_03,GEMM_13_13_00,GEMM_13_13_01,GEMM_13_13_02,GEMM_13_13_03,GEMM_13_13_04,GEMM_13_13_05,GEMM_13_13_06,GEMM_13_13_07,GEMM_13_13_08
59,GEMM_06_04_00,GEMM_11_03_01,GEMM_07_13_00,GEMM_08_09_01,GEMM_14_04_03,GEMM_07_14_03,GEMM_07_14_04
60,GEMM_14_01_00,GEMM_05_11_00,GEMM_10_05_01,GEMM_06_06_02,GEMM_10_09_01,GEMM_14_09_01,GEMM_14_07_03,GEMM_14_07_04
61,GEMM_01_14_00,GEMM_11_05_00,GEMM_05_10_01,GEMM_03_14_02,GEMM_09_10_01,GEMM_09_09_02,GEMM_09_07_04
62,GEMM_03_09_00,GEMM_06_05_01,GEMM_07_08_01,GEMM_05_12_02,GEMM_11_09_01,GEMM_13_06_03,GEMM_07_09_04
63,GEMM_09_03_00,GEMM_05_06_01,GEMM_08_07_01,GEMM_12_05_02,GEMM_09_11_01,GEMM_13_08_02,GEMM_06_12_04
64,GEMM_12_02_00,GEMM_02_14_01,GEMM_06_11_01,GEMM_12_07_01,GEMM_14_06_02,GEMM_08_13_02,GEMM_12_06_04
65,GEMM_02_12_00,GEMM_14_02_01,GEMM_11_06_01,GEMM_07_12_01,GEMM_06_14_02,GEMM_08_08_03,GEMM_07_10_04
66,GEMM_04_07_00,GEMM_14_04_00,GEMM_07_10_00,GEMM_14_03_02,GEMM_06_13_02,GEMM_14_11_00,GEMM_14_09_02,GEMM_14_09_03,GEMM_14_09_04,GEMM_14_09_05,GEMM_14_09_06
67,GEMM_07_04_00,GEMM_04_14_00,GEMM_10_07_00,GEMM_05_09_02,GEMM_13_06_02,GEMM_11_14_00,GEMM_09_14_02,GEMM_09_14_03,GEMM_09_14_04,GEMM_09_14_05,GEMM_09_14_06
68,GEMM_03_10_00,GEMM_09_04_01,GEMM_11_08_00,GEMM_07_07_02,GEMM_06_09_03,GEMM_09_09_03,GEMM_09_09_04
69,GEMM_10_03_00,GEMM_04_09_01,GEMM_08_11_00,GEMM_09_12_00,GEMM_09_06_03,GEMM_14_11_01,GEMM_14_11_02,GEMM_14_11_03,GEMM_14_11_04,GEMM_14_11_05,GEMM_14_11_06,GEMM_14_11_07
70,GEMM_05_05_00,GEMM_09_06_00,GEMM_04_13_01,GEMM_09_05_02,GEMM_13_08_01,GEMM_06_12_03,GEMM_11_14_01,GEMM_11_14_02,GEMM_11_14_03,GEMM_11_14_04,GEMM_11_14_05,GEMM_11_14_06,GEMM_11_14_07
71,GEMM_02_13_00,GEMM_06_09_00,GEMM_13_04_01,GEMM_09_07_01,GEMM_08_07_02,GEMM_05_12_03,GEMM_13_14_00,GEMM_13_14_01,GEMM_13_14_02,GEMM_13_14_03,GEMM_13_14_04,GEMM_13_14_05,GEMM_13_14_06,GEMM_13_14_07,GEMM_13_14_08
72,GEMM_13_02_00,GEMM_03_12_01,GEMM_14_05_01,GEMM_12_09_00,GEMM_14_08_01,GEMM_10_13_01,GEMM_10_07_04
73,GEMM_04_08_00,GEMM_12_03_01,GEMM_05_14_01,GEMM_06_10_02,GEMM_08_14_01,GEMM_13_10_01,GEMM_09_10_03,GEMM_09_10_04,GEMM_09_10_05
74,GEMM_08_04_00,GEMM_05_12_00,GEMM_13_06_00,GEMM_07_09_01,GEMM_09_13_00,GEMM_12_05_03,GEMM_14_13_00,GEMM_14_13_01,GEMM_14_13_02,GEMM_14_13_03,GEMM_14_13_04,GEMM_14_13_05,GEMM_14_13_06,GEMM_14_13_07,GEMM_14_13_08
75,GEMM_11_03_00,GEMM_12_05_00,GEMM_06_13_00,GEMM_12_04_02,GEMM_08_13_01,GEMM_12_06_03,GEMM_10_09_03,GEMM_10_09_04,GEMM_10_09_05
76,GEMM_03_11_00,GEMM_05_07_01,GEMM_07_14_00,GEMM_10_06_02,GEMM_08_09_02,GEMM_07_11_03,GEMM_06_13_04
77,GEMM_06_05_00,GEMM_07_05_01,GEMM_14_07_00,GEMM_10_08_01,GEMM_09_08_02,GEMM_11_07_03,GEMM_13_06_04
78,GEMM_05_06_00,GEMM_07_07_00,GEMM_08_06_01,GEMM_04_12_02,GEMM_13_10_00,GEMM_12_08_02,GEMM_12_08_03,GEMM_12_08_04
79,GEMM_02_14_00,GEMM_04_10_01,GEMM_09_09_00,GEMM_08_10_01,GEMM_12_07_02,GEMM_11_09_02,GEMM_13_08_03,GEMM_13_08_04,GEMM_13_08_05
80,GEMM_14_02_00,GEMM_10_04_01,GEMM_06_12_01,GEMM_13_09_00,GEMM_07_07_03,GEMM_08_13_03,GEMM_08_13_04,GEMM_08_13_05
81,GEMM_04_09_00,GEMM_06_10_00,GEMM_06_08_01,GEMM_12_06_01,GEMM_06_11_02,GEMM_06_10_03,GEMM_08_08_04
82,GEMM_09_04_00,GEMM_10_06_00,GEMM_08_08_00,GEMM_07_06_02,GEMM_10_13_00,GEMM_08_12_02,GEMM_08_12_03,GEMM_08_12_04
83,GEMM_12_03_00,GEMM_13_03_01,GEMM_06_07_02,GEMM_11_11_00,GEMM_10_12_01,GEMM_10_12_02,GEMM_10_12_03,GEMM_10_12_04,GEMM_10_12_05,GEMM_10_12_06
84,GEMM_03_12_00,GEMM_03_13_01,GEMM_08_12_00,GEMM_13_05_02,GEMM_07_12_02,GEMM_09_11_02,GEMM_13_10_02,GEMM_13_10_03,GEMM_13_10_04,GEMM_13_10_05,GEMM_13_10_06
85,GEMM_05_07_00,GEMM_05_13_00,GEMM_05_11_01,GEMM_05_10_02,GEMM_14_10_00,GEMM_12_10_01,GEMM_12_10_02,GEMM_12_10_03,GEMM_12_10_04,GEMM_12_10_05,GEMM_12_10_06
86,GEMM_07_05_00,GEMM_13_05_00,GEMM_11_05_01,GEMM_10_05_02,GEMM_10_14_00,GEMM_12_12_00,GEMM_12_12_01,GEMM_12_12_02,GEMM_12_12_03,GEMM_12_12_04,GEMM_12_12_05,GEMM_12_12_06,GEMM_12_12_07
87,GEMM_04_10_00,GEMM_08_05_01,GEMM_12_08_00,GEMM_05_13_02,GEMM_09_12_01,GEMM_12_13_00,GEMM_10_13_02,GEMM_10_13_03,GEMM_10_13_04,GEMM_10_13_05,GEMM_10_13_06
88,GEMM_10_04_00,GEMM_05_08_01,GEMM_07_10_01,GEMM_11_06_02,GEMM_10_06_03,GEMM_12_13_01,GEMM_12_13_02,GEMM_12_13_03,GEMM_12_13_04,GEMM_12_13_05,GEMM_12_13_06,GEMM_12_13_07,GEMM_12_13_08
89,GEMM_03_13_00,GEMM_07_08_00,GEMM_07_11_00,GEMM_10_07_01,GEMM_11_08_01,GEMM_05_13_03,GEMM_07_11_04
90,GEMM_13_03_00,GEMM_08_07_00,GEMM_11_07_00,GEMM_04_13_02,GEMM_12_09_01,GEMM_13_12_00,GEMM_13_12_01,GEMM_13_12_02,GEMM_13_12_03,GEMM_13_12_04,GEMM_13_12_05,GEMM_13_12_06,GEMM_13_12_07,GEMM_13_12_08
91,GEMM_08_05_00,GEMM_04_11_01,GEMM_13_04_02,GEMM_12_11_00,GEMM_07_10_03,GEMM_11_07_04
92,GEMM_05_08_00,GEMM_11_04_01,GEMM_09_10_00,GEMM_10_10_00,GEMM_10_08_02,GEMM_14_06_03,GEMM_09_11_03,GEMM_09_11_04,GEMM_09_11_05
93,GEMM_11_04_00,GEMM_06_11_00,GEMM_04_14_01,GEMM_06_13_01,GEMM_08_11_01,GEMM_13_05_03,GEMM_11_09_03,GEMM_11_09_04,GEMM_11_09_05
94,GEMM_04_11_00,GEMM_11_06_00,GEMM_14_04_01,GEMM_13_06_01,GEMM_05_14_02,GEMM_07_08_03,GEMM_14_06_04
95,GEMM_06_06_00,GEMM_06_06_01,GEMM_10_09_00,GEMM_07_13_01,GEMM_08_10_02,GEMM_06_14_03,GEMM_06_14_04
96,GEMM_03_14_00,GEMM_03_14_01,GEMM_08_06_02,GEMM_11_12_00,GEMM_10_07_03,GEMM_14_14_00,GEMM_14_14_01,GEMM_14_14_02,GEMM_14_14_03,GEMM_14_14_04,GEMM_14_14_05,GEMM_14_14_06,GEMM_14_14_07,GEMM_14_14_08,GEMM_14_14_09
97,GEMM_14_03_00,GEMM_14_03_01,GEMM_06_08_02,GEMM_10_10_01,GEMM_11_11_01,GEMM_11_11_02,GEMM_11_11_03,GEMM_11_11_04,GEMM_11_11_05,GEMM_11_11_06
98,GEMM_05_09_00,GEMM_05_14_00,GEMM_06_14_00,GEMM_13_08_00,GEMM_13_07_01,GEMM_13_07_02,GEMM_14_08_02,GEMM_14_08_03,GEMM_14_08_04,GEMM_14_08_05
99,GEMM_09_05_00,GEMM_14_05_00,GEMM_14_06_00,GEMM_08_13_00,GEMM_07_08_02,GEMM_07_13_02,GEMM_08_14_02,GEMM_08_14_03,GEMM_08_14_04,GEMM_08_14_05
